x	y
2.227	30.00 
2.446	32.00 
3.014	38.00 
3.513	43.00 
2.962	37.00 
1.868	27.00 
1.51	25.00 
1.563	25.00 
1.699	26.00 
1.822	27.00 
1.35	22.00 
1.878	28.00 
1.99	28.00 
2.126	29.00 
1.727	26.00 
1.998	28.00 
2.043	29.00 
1.922	28.00 
1.517	25.00 
1.595	25.00 
1.522	25.00 
1.81	27.00 
1.873	27.00 
1.89	28.00 
1.884	28.00 
1.767	27.00 
2.034	29.00 
2.684	35.00 
2.771	36.00 
1.826	27.00 
1.677	26.00 
1.378	22.00 
1.73	14.00 
1.723	14.00 
1.712	14.00 
1.935	14.00 
2.112	14.00 
1.806	14.00 
2.404	14.00 
3.064	16.00 
3.093	16.00 
3.029	16.00 
2.628	16.00 
2.631	16.00 
2.31	14.00 
2.472	14.00 
2.255	14.00 
2.134	14.00 
1.558	14.00 
2.435	14.00 
2.488	14.00 
2.12	14.00 
2.049	14.00 
1.473	12.00 
1.455	12.00 
1.64	14.00 
1.78	14.00 
1.818	14.00 
1.735	14.00 
2.11	14.00 
2.245	14.00 
2.226	14.00 
2.168	14.00 
2.919	16.00 
2.597	16.00 
2.376	14.00 
2.752	16.00 
3.089	16.00 
2.525	16.00 
2.66	16.00 
2.523	16.00 
1.769	14.00 
1.73	14.00 
1.657	14.00 
1.693	14.00 
1.623	14.00 
2.203	14.00 
2.145	14.00 
2.029	14.00 
2.235	14.00 
2.404	14.00 
2.126	14.00 
2.098	14.00 
2.119	14.00 
2.387	14.00 
2.296	14.00 
2.34	14.00 
2.102	14.00 
2.329	14.00 
2.546	16.00 
3.06	16.00 
2.98	16.00 
2.957	16.00 
2.102	14.00 
1.789	14.00 
1.859	14.00 
1.486	12.00 
1.41	12.00 
1.2	12.00 
1.576	14.00 
1.242	12.00 
2.193	14.00 
1.89	14.00 
1.873	14.00 
1.838	14.00 
1.28	12.00 
1.447	12.00 
1.314	12.00 
1.698	14.00 
1.591	14.00 
2.233	14.00 
1.36	12.00 
1.264	12.00 
1.381	12.00 
1.609	14.00 
1.78	14.00 
1.859	14.00 
1.767	14.00 
1.829	14.00 
2.002	14.00 
2.047	14.00 
1.593	14.00 
1.653	14.00 
2.237	14.00 
2.343	14.00 
2.207	14.00 
2.286	14.00 
1.406	12.00 
1.171	12.00 
1.313	12.00 
1.377	12.00 
1.251	12.00 
2.196	14.00 
1.995	14.00 
1.975	14.00 
2.02	14.00 
1.726	14.00 
1.866	14.00 
1.498	12.00 
1.454	12.00 
1.41	12.00 
1.664	14.00 
1.277	12.00 
1.4	12.00 
1.384	12.00 
1.315	12.00 
1.428	12.00 
1.505	14.00 
1.267	12.00 
1.564	14.00 
1.594	14.00 
1.868	14.00 
2.162	14.00 
1.973	14.00 
2.104	14.00 
2.758	16.00 
2.892	16.00 
2.921	16.00 
3.045	16.00 
2.844	16.00 
2.895	16.00 
2.844	16.00 
2.678	16.00 
2.541	16.00 
2.925	16.00 
2.951	16.00 
2.855	16.00 
3.012	16.00 
2.315	14.00 
2.454	14.00 
2.513	16.00 
2.454	14.00 
2.147	14.00 
2.078	14.00 
2.051	14.00 
1.853	14.00 
1.9	14.00 
1.84	14.00 
1.692	14.00 
1.679	14.00 
1.672	14.00 
1.685	14.00 
1.858	14.00 
1.855	14.00 
1.731	14.00 
1.792	14.00 
1.946	14.00 
1.244	12.00 
1.061	12.00 
1.295	12.00 
1.321	12.00 
1.301	12.00 
1.41	12.00 
1.609	14.00 
2.046	14.00 
2.043	14.00 
2.097	14.00 
1.941	14.00 
1.976	14.00 
1.824	14.00 
1.914	14.00 
2.169	14.00 
2.034	14.00 
2.028	14.00 
2.009	14.00 
2.012	14.00 
1.943	14.00 
1.897	14.00 
1.863	14.00 
1.905	14.00 
1.757	14.00 
1.81	14.00 
1.904	14.00 
1.914	14.00 
1.872	14.00 
2	14.00 
2.043	14.00 
2.122	14.00 
2.154	14.00 
2.301	14.00 
2.372	14.00 
2.367	14.00 
2.4	14.00 
2.378	14.00 
2.339	14.00 
2.273	14.00 
2.289	14.00 
2.256	14.00 
2.244	14.00 
2.247	14.00 
2.211	14.00 
2.205	14.00 
2.23	14.00 
2.227	14.00 
2.236	14.00 
2.116	14.00 
2.11	14.00 
2.117	14.00 
2.058	14.00 
2.041	14.00 
2.027	14.00 
1.956	14.00 
1.998	14.00 
1.994	14.00 
2.016	14.00 
1.956	14.00 
1.907	14.00 
2.105	14.00 
2.015	14.00 
2.021	14.00 
1.941	14.00 
1.941	14.00 
1.942	14.00 
1.988	14.00 
1.977	14.00 
1.999	14.00 
2.039	14.00 
2.023	14.00 
2.007	14.00 
2.003	14.00 
1.926	14.00 
2.152	14.00 
2.16	14.00 
2.166	14.00 
2.177	14.00 
2.036	14.00 
2.346	14.00 
2.383	14.00 
2.069	14.00 
1.608	14.00 
1.625	14.00 
1.875	14.00 
1.867	14.00 
1.884	14.00 
1.735	14.00 
1.773	14.00 
1.919	14.00 
1.699	14.00 
2.156	14.00 
2.284	14.00 
2.429	14.00 
2.711	16.00 
2.568	16.00 
2.211	14.00 
2.406	14.00 
2.53	16.00 
2.348	14.00 
2.53	16.00 
2.427	14.00 
2.537	16.00 
2.537	16.00 
2.552	16.00 
1.891	14.00 
1.881	14.00 
2.285	14.00 
2.316	14.00 
2.211	14.00 
1.806	14.00 
1.424	12.00 
1.465	12.00 
1.449	12.00 
1.464	12.00 
1.477	12.00 
1.85	14.00 
1.679	14.00 
2.084	14.00 
2.215	14.00 
2.425	14.00 
2.44	14.00 
2.424	14.00 
2.307	14.00 
1.911	14.00 
2.179	14.00 
2.029	14.00 
1.793	14.00 
2.203	14.00 
2.132	14.00 
2.119	14.00 
2.193	14.00 
2.186	14.00 
1.734	14.00 
2.072	14.00 
2.51	16.00 
2.75	16.00 
2.715	16.00 
2.391	14.00 
2.332	14.00 
2.317	14.00 
2.867	16.00 
1.92	14.00 
1.745	14.00 
1.716	14.00 
2.088	14.00 
1.888	14.00 
1.852	14.00 
2.08	14.00 
1.519	14.00 
2.278	14.00 
2.225	14.00 
1.461	12.00 
1.521	14.00 
1.508	14.00 
1.172	12.00 
1.199	12.00 
1.2	12.00 
0.536	12.00 
0.74	12.00 
0.655	12.00 
1.122	12.00 
1.255	12.00 
1.24	12.00 
1.476	12.00 
1.519	14.00 
1.47	12.00 
1.672	14.00 
1.994	14.00 
1.926	14.00 
2.006	14.00 
2.223	14.00 
2.809	16.00 
2.92	16.00 
3.117	16.00 
3.203	16.00 
2.749	16.00 
2.894	16.00 
2.99	16.00 
2.981	16.00 
3.089	16.00 
3.286	16.00 
2.733	16.00 
3.027	16.00 
3.1	16.00 
2.927	16.00 
2.838	16.00 
3.297	16.00 
3.306	16.00 
3.374	16.00 
3.098	16.00 
3.218	16.00 
3.664	18.00 
4.292	18.00 
4.333	18.00 
4.269	18.00 
4.358	18.00 
4.345	18.00 
4.403	18.00 
4.39	18.00 
4.459	18.00 
4.735	20.00 
4.529	20.00 
4.071	18.00 
3.818	18.00 
4.424	18.00 
4.828	20.00 
4.831	20.00 
5.039	20.00 
4.999	20.00 
4.708	20.00 
3.249	16.00 
3.566	18.00 
3.503	18.00 
3.539	18.00 
3.178	16.00 
3.064	16.00 
2.572	16.00 
2.609	16.00 
2.795	16.00 
2.859	16.00 
2.403	14.00 
1.684	14.00 
1.926	14.00 
1.472	12.00 
1.449	12.00 
2.442	14.00 
2.447	14.00 
2.787	16.00 
2.41	14.00 
2.288	14.00 
2.273	14.00 
1.712	14.00 
1.557	14.00 
0.53	12.00 
1.083	12.00 
1.543	14.00 
2.156	14.00 
2.181	14.00 
2.288	14.00 
2.45	14.00 
2.678	16.00 
2.99	16.00 
3.144	16.00 
3.111	16.00 
3.155	16.00 
3.491	16.00 
3.508	18.00 
3.611	18.00 
3.705	18.00 
3.764	18.00 
4.124	18.00 
4.329	18.00 
4.297	18.00 
4.314	18.00 
4.509	20.00 
4.663	20.00 
5.318	20.00 
5.365	20.00 
5.213	20.00 
2.222	14.00 
2.513	16.00 
2.582	16.00 
2.078	14.00 
2.032	14.00 
2.111	14.00 
2.233	14.00 
2.228	14.00 
1.953	14.00 
2.153	14.00 
2.144	14.00 
2.517	16.00 
2.381	14.00 
2.404	14.00 
2.293	14.00 
2.076	14.00 
1.676	14.00 
1.563	14.00 
1.773	14.00 
2.763	16.00 
2.914	16.00 
2.705	16.00 
2.493	14.00 
2.559	16.00 
2.528	16.00 
1.841	14.00 
2.074	14.00 
0.937	12.00 
1.047	12.00 
1.516	14.00 
1.983	14.00 
1.72	14.00 
2.008	14.00 
2.308	14.00 
2.441	14.00 
2.369	14.00 
3.047	16.00 
3.242	16.00 
3.332	16.00 
3.384	16.00 
3.713	18.00 
3.59	18.00 
3.605	18.00 
3.831	18.00 
3.94	18.00 
4.124	18.00 
4.192	18.00 
4.469	18.00 
4.85	20.00 
5.001	20.00 
5.402	20.00 
5.374	20.00 
5.418	20.00 
5.306	20.00 
5.498	20.00 
6.005	22.00 
6.265	22.00 
7.319	24.00 
7.272	24.00 
7.478	24.00 
7.538	26.00 
8.079	26.00 
8.259	26.00 
8.263	26.00 
9.183	28.00 
9.234	28.00 
10.024	30.00 
9.985	30.00 
9.979	30.00 
10.354	30.00 
10.332	30.00 
10.479	30.00 
10.479	30.00 
10.383	30.00 
10.307	30.00 
10.447	30.00 
10.439	30.00 
10.495	30.00 
10.624	32.00 
10.591	32.00 
10.462	30.00 
10.59	32.00 
10.875	32.00 
10.859	32.00 
10.914	32.00 
10.818	32.00 
10.85	32.00 
10.67	32.00 
10.705	32.00 
10.459	30.00 
10.495	30.00 
10.426	30.00 
10.485	30.00 
10.745	32.00 
10.399	30.00 
10.633	32.00 
10.638	32.00 
11.185	32.00 
11.198	32.00 
11.41	32.00 
11.815	34.00 
12.19	34.00 
12.275	34.00 
12.353	34.00 
12.529	36.00 
13.006	36.00 
13.003	36.00 
13.205	36.00 
13.698	38.00 
14.082	38.00 
14.356	38.00 
14.859	40.00 
15.154	40.00 
15.532	42.00 
15.85	42.00 
15.77	42.00 
15.865	42.00 
16.008	42.00 
16.186	42.00 
16.449	42.00 
16.644	44.00 
17.079	44.00 
17.282	44.00 
17.338	44.00 
17.351	44.00 
17.323	44.00 
17.391	44.00 
17.428	44.00 
17.407	44.00 
17.575	46.00 
17.59	46.00 
18.308	46.00 
18.618	48.00 
18.752	48.00 
18.796	48.00 
18.792	48.00 
18.831	48.00 
18.763	48.00 
19.078	48.00 
19.145	48.00 
19.311	48.00 
19.01	48.00 
19.068	48.00 
19.065	48.00 
19.065	48.00 
19.013	48.00 
19.191	48.00 
19.711	50.00 
19.847	50.00 
19.869	50.00 
19.791	50.00 
20.111	50.00 
20.116	50.00 
20.212	50.00 
20.251	50.00 
20.255	50.00 
20.191	50.00 
20.233	50.00 
20.42	50.00 
20.486	50.00 
20.633	52.00 
20.706	52.00 
20.617	52.00 
20.689	52.00 
20.685	52.00 
20.722	52.00 
20.635	52.00 
20.6	52.00 
20.612	52.00 
20.55	52.00 
20.524	52.00 
20.413	50.00 
20.444	50.00 
20.505	52.00 
20.541	52.00 
20.707	52.00 
20.706	52.00 
20.659	52.00 
20.649	52.00 
20.635	52.00 
20.987	52.00 
20.791	52.00 
20.603	52.00 
20.809	52.00 
20.759	52.00 
20.796	52.00 
20.794	52.00 
21.147	52.00 
21.145	52.00 
21.426	52.00 
21.345	52.00 
21.354	52.00 
21.781	54.00 
21.895	54.00 
22.106	54.00 
22.139	54.00 
22.05	54.00 
22.044	54.00 
22.346	54.00 
22.282	54.00 
22.326	54.00 
22.321	54.00 
22.344	54.00 
22.395	54.00 
22.785	56.00 
22.78	56.00 
22.76	56.00 
22.846	56.00 
22.983	56.00 
23.102	56.00 
23.392	56.00 
23.681	58.00 
23.978	58.00 
24.325	58.00 
24.678	60.00 
24.637	60.00 
24.751	60.00 
25.126	60.00 
25.101	60.00 
25.037	60.00 
25.028	60.00 
25.032	60.00 
25.064	60.00 
25.088	60.00 
25.382	60.00 
25.286	60.00 
25.674	62.00 
25.655	62.00 
25.64	62.00 
25.779	62.00 
25.861	62.00 
25.867	62.00 
26.128	62.00 
26.149	62.00 
26.078	62.00 
26.156	62.00 
26.123	62.00 
26.182	62.00 
26.65	64.00 
26.914	64.00 
26.904	64.00 
27.215	64.00 
27.795	66.00 
27.755	66.00 
28.314	66.00 
28.641	68.00 
28.62	68.00 
29.431	68.00 
29.355	68.00 
29.363	68.00 
29.751	70.00 
29.971	70.00 
29.693	70.00 
29.748	70.00 
29.677	70.00 
29.891	70.00 
30.617	72.00 
30.588	72.00 
30.568	72.00 
30.676	72.00 
30.718	72.00 
30.77	72.00 
30.804	72.00 
31.053	72.00 
31.133	72.00 
31.176	72.00 
31.874	74.00 
31.825	74.00 
31.785	74.00 
32.079	74.00 
32.16	74.00 
32.186	74.00 
32.234	74.00 
32.593	76.00 
33.362	76.00 
33.512	78.00 
33.431	76.00 
33.469	76.00 
33.584	78.00 
33.625	78.00 
33.676	78.00 
33.765	78.00 
33.758	78.00 
33.926	78.00 
34.329	78.00 
34.973	80.00 
35.123	80.00 
35.116	80.00 
35.534	82.00 
35.803	82.00 
35.785	82.00 
35.838	82.00 
35.708	82.00 
35.736	82.00 
35.742	82.00 
35.72	82.00 
35.654	82.00 
35.876	82.00 
35.803	82.00 
35.772	82.00 
35.784	82.00 
35.8	82.00 
35.856	82.00 
35.944	82.00 
35.966	82.00 
36.1	82.00 
36.407	82.00 
36.652	84.00 
36.642	84.00 
36.609	84.00 
36.852	84.00 
36.515	84.00 
36.075	82.00 
33.895	78.00 
33.082	76.00 
32.65	76.00 
32.409	74.00 
31.88	74.00 
29.858	70.00 
29.728	70.00 
28.953	68.00 
25.814	62.00 
25.75	62.00 
22.164	54.00 
20.365	50.00 
19.87	50.00 
19.47	48.00 
19.245	48.00 
13.521	38.00 
13.358	36.00 
12.534	36.00 
12.722	36.00 
11.006	32.00 
8.914	28.00 
9.124	28.00 
9.082	28.00 
9.072	28.00 
8.49	26.00 
7.309	24.00 
6.666	24.00 
2.101	14.00 
1.671	14.00 
1.696	14.00 
1.399	12.00 
2.128	14.00 
2.347	14.00 
3.041	16.00 
2.787	16.00 
2.686	16.00 
2.104	14.00 
2.059	14.00 
2.079	14.00 
2.088	14.00 
1.576	14.00 
0.953	12.00 
0.882	12.00 
0.542	12.00 
0.545	12.00 
0.531	12.00 
1.708	14.00 
1.958	14.00 
2.395	14.00 
2.275	14.00 
2.491	14.00 
1.963	14.00 
1.953	14.00 
1.981	14.00 
1.85	14.00 
1.291	12.00 
1.078	12.00 
1.071	12.00 
1.257	12.00 
1.314	12.00 
1.394	12.00 
1.6	14.00 
1.286	12.00 
1.267	12.00 
1.125	12.00 
1.073	12.00 
1.822	14.00 
2.422	14.00 
2.501	16.00 
3.579	18.00 
3.517	18.00 
3.787	18.00 
3.735	18.00 
4.015	18.00 
4.3	18.00 
4.288	18.00 
4.285	18.00 
4.291	18.00 
4.612	20.00 
5.762	22.00 
5.692	22.00 
6.086	22.00 
6.617	24.00 
6.769	24.00 
7.866	26.00 
8.041	26.00 
7.907	26.00 
8.337	26.00 
8.315	26.00 
8.119	26.00 
8.617	28.00 
9.992	30.00 
9.946	30.00 
10.385	30.00 
10.394	30.00 
10.319	30.00 
10.462	30.00 
11.873	34.00 
11.859	34.00 
11.618	34.00 
11.662	34.00 
11.537	34.00 
11.62	34.00 
11.681	34.00 
11.609	34.00 
12.531	36.00 
12.9	36.00 
13.139	36.00 
13.171	36.00 
13.39	36.00 
13.605	38.00 
13.569	38.00 
13.899	38.00 
13.461	36.00 
13.799	38.00 
13.066	36.00 
13.453	36.00 
13.27	36.00 
13.253	36.00 
13.438	36.00 
13.455	36.00 
13.481	36.00 
13.25	36.00 
13.594	38.00 
13.612	38.00 
13.514	38.00 
13.534	38.00 
13.584	38.00 
13.554	38.00 
13.882	38.00 
13.881	38.00 
13.91	38.00 
13.953	38.00 
14.406	38.00 
14.116	38.00 
14.726	40.00 
14.699	40.00 
15.417	40.00 
15.553	42.00 
15.369	40.00 
15.344	40.00 
15.291	40.00 
15.994	42.00 
16.791	44.00 
16.936	44.00 
16.931	44.00 
17.457	44.00 
17.381	44.00 
16.76	44.00 
16.535	44.00 
16.669	44.00 
16.679	44.00 
17.253	44.00 
17.63	46.00 
17.987	46.00 
17.97	46.00 
17.863	46.00 
17.999	46.00 
18.958	48.00 
19.097	48.00 
19.071	48.00 
19.23	48.00 
19.296	48.00 
19.351	48.00 
20.155	50.00 
19.988	50.00 
19.726	50.00 
19.85	50.00 
19.694	50.00 
20.157	50.00 
20.647	52.00 
20.738	52.00 
21.111	52.00 
22.346	54.00 
23.339	56.00 
22.649	56.00 
22.618	56.00 
22.619	56.00 
22.495	54.00 
22.222	54.00 
22.481	54.00 
22.545	56.00 
23.076	56.00 
23.051	56.00 
23.024	56.00 
23.138	56.00 
23.252	56.00 
23.265	56.00 
23.198	56.00 
23.412	56.00 
23.079	56.00 
23.747	58.00 
24.941	60.00 
26.824	64.00 
26.819	64.00 
27.572	66.00 
27.326	64.00 
27.181	64.00 
27.01	64.00 
27.387	64.00 
27.146	64.00 
26.994	64.00 
26.616	64.00 
26.632	64.00 
26.613	64.00 
26.218	62.00 
26.023	62.00 
26.573	64.00 
26.454	62.00 
26.458	62.00 
26.501	64.00 
26.138	62.00 
26.074	62.00 
16.166	42.00 
15.125	40.00 
13.042	36.00 
12.652	36.00 
9.656	30.00 
9.476	28.00 
8.358	26.00 
8.334	26.00 
8.509	28.00 
2.419	14.00 
2.649	16.00 
2.965	16.00 
3.052	16.00 
3.613	18.00 
3.832	18.00 
3.785	18.00 
3.597	18.00 
3.753	18.00 
3.848	18.00 
4.124	18.00 
4.531	20.00 
4.576	20.00 
4.236	18.00 
4.314	18.00 
4.501	20.00 
4.464	18.00 
4.546	20.00 
4.44	18.00 
4.436	18.00 
4.757	20.00 
4.587	20.00 
4.851	20.00 
4.855	20.00 
4.817	20.00 
4.789	20.00 
5.348	20.00 
5.644	22.00 
6.53	24.00 
6.674	24.00 
6.721	24.00 
6.858	24.00 
6.84	24.00 
6.814	24.00 
6.649	24.00 
6.613	24.00 
6.63	24.00 
6.363	22.00 
6.602	24.00 
6.439	22.00 
6.458	22.00 
6.505	24.00 
6.477	22.00 
6.72	24.00 
6.784	24.00 
6.77	24.00 
6.758	24.00 
7.142	24.00 
7.111	24.00 
7.169	24.00 
7.414	24.00 
7.833	26.00 
7.789	26.00 
7.459	24.00 
7.499	24.00 
7.61	26.00 
8.015	26.00 
7.918	26.00 
7.795	26.00 
7.517	26.00 
7.563	26.00 
8.882	28.00 
8.949	28.00 
9.09	28.00 
9.212	28.00 
9.164	28.00 
9.155	28.00 
9.024	28.00 
8.865	28.00 
8.947	28.00 
9.009	28.00 
9.051	28.00 
9.517	30.00 
9.376	28.00 
9.796	30.00 
10.583	32.00 
10.573	32.00 
10.492	30.00 
10.826	32.00 
10.867	32.00 
10.833	32.00 
11.083	32.00 
11.5	34.00 
11.751	34.00 
11.837	34.00 
12.032	34.00 
12.238	34.00 
12.417	34.00 
12.275	34.00 
11.941	34.00 
11.998	34.00 
12.477	34.00 
12.587	36.00 
13.274	36.00 
13.154	36.00 
13.418	36.00 
13.343	36.00 
13.419	36.00 
13.558	38.00 
13.943	38.00 
14.366	38.00 
14.77	40.00 
14.956	40.00 
15.127	40.00 
15.453	40.00 
15.308	40.00 
15.348	40.00 
15.606	42.00 
15.683	42.00 
16.031	42.00 
16.227	42.00 
16.054	42.00 
16.609	44.00 
16.611	44.00 
16.657	44.00 
16.787	44.00 
16.834	44.00 
17.075	44.00 
18.563	48.00 
18.508	48.00 
18.524	48.00 
19.078	48.00 
19.057	48.00 
19.031	48.00 
19.101	48.00 
19.38	48.00 
19.519	50.00 
19.524	50.00 
19.582	50.00 
19.639	50.00 
19.693	50.00 
19.135	48.00 
19.394	48.00 
19.586	50.00 
19.632	50.00 
19.594	50.00 
19.833	50.00 
19.961	50.00 
19.986	50.00 
20.19	50.00 
20.291	50.00 
20.716	52.00 
20.718	52.00 
20.752	52.00 
20.793	52.00 
20.755	52.00 
20.961	52.00 
21.116	52.00 
20.568	52.00 
20.559	52.00 
22.329	54.00 
22.263	54.00 
22.487	54.00 
22.352	54.00 
22.391	54.00 
22.473	54.00 
22.539	56.00 
22.625	56.00 
22.813	56.00 
22.931	56.00 
22.913	56.00 
22.898	56.00 
23.275	56.00 
23.191	56.00 
23.355	56.00 
23.015	56.00 
23.014	56.00 
22.986	56.00 
22.819	56.00 
22.736	56.00 
22.757	56.00 
22.727	56.00 
23.095	56.00 
23.213	56.00 
23.19	56.00 
22.95	56.00 
23.002	56.00 
23.112	56.00 
22.932	56.00 
23.061	56.00 
23.073	56.00 
23.034	56.00 
23.117	56.00 
23.476	56.00 
23.75	58.00 
24.001	58.00 
23.985	58.00 
23.856	58.00 
24.26	58.00 
24.363	58.00 
24.938	60.00 
25.395	60.00 
26.139	62.00 
26.118	62.00 
26.124	62.00 
26.186	62.00 
26.128	62.00 
26.207	62.00 
26.184	62.00 
26.206	62.00 
26.358	62.00 
26.365	62.00 
26.537	64.00 
26.769	64.00 
26.817	64.00 
26.804	64.00 
26.757	64.00 
27.06	64.00 
26.935	64.00 
26.625	64.00 
26.846	64.00 
27.264	64.00 
27.66	66.00 
27.688	66.00 
27.858	66.00 
28.104	66.00 
28.346	66.00 
28.508	68.00 
28.632	68.00 
28.696	68.00 
28.618	68.00 
28.983	68.00 
29.116	68.00 
29.079	68.00 
29	68.00 
29.008	68.00 
29.527	70.00 
29.557	70.00 
29.484	68.00 
29.554	70.00 
29.197	68.00 
29.319	68.00 
29.491	68.00 
29.321	68.00 
29.2	68.00 
29.678	70.00 
29.507	70.00 
29.451	68.00 
29.613	70.00 
29.99	70.00 
29.968	70.00 
29.697	70.00 
30.512	72.00 
30.683	72.00 
30.715	72.00 
30.726	72.00 
30.753	72.00 
30.844	72.00 
31.051	72.00 
30.986	72.00 
31.657	74.00 
31.582	74.00 
31.678	74.00 
31.468	72.00 
31.429	72.00 
30.865	72.00 
30.767	72.00 
30.793	72.00 
30.774	72.00 
31.11	72.00 
31.427	72.00 
31.33	72.00 
31.417	72.00 
31.887	74.00 
31.97	74.00 
31.98	74.00 
31.726	74.00 
31.922	74.00 
32.162	74.00 
32.086	74.00 
32.093	74.00 
32.14	74.00 
32.2	74.00 
32.222	74.00 
32.678	76.00 
32.574	76.00 
32.637	76.00 
32.936	76.00 
32.704	76.00 
33.412	76.00 
33.377	76.00 
33.656	78.00 
33.359	76.00 
33.315	76.00 
33.573	78.00 
33.741	78.00 
33.721	78.00 
33.659	78.00 
33.635	78.00 
33.7	78.00 
33.688	78.00 
33.681	78.00 
33.786	78.00 
33.664	78.00 
23.47	56.00 
23.604	58.00 
24.287	58.00 
22.1	54.00 
20.486	50.00 
19.411	48.00 
18.64	48.00 
17.66	46.00 
17.481	44.00 
16.179	42.00 
16.101	42.00 
16.323	42.00 
16.144	42.00 
15.279	40.00 
13.303	36.00 
12.587	36.00 
10.623	32.00 
6.869	24.00 
6.884	24.00 
6.713	24.00 
6.657	24.00 
5.737	22.00 
5.571	22.00 
4.087	18.00 
2.154	14.00 
2.769	16.00 
2.683	16.00 
2.784	16.00 
2.591	16.00 
2.191	14.00 
2.402	14.00 
2.634	16.00 
2.543	16.00 
2.966	16.00 
3.098	16.00 
2.382	14.00 
1.929	14.00 
2.096	14.00 
2.201	14.00 
2.397	14.00 
2.789	16.00 
1.697	14.00 
0.802	12.00 
0.516	12.00 
0.584	12.00 
0.994	12.00 
1.248	12.00 
1.31	12.00 
1.403	12.00 
1.306	12.00 
1.49	12.00 
1.434	12.00 
1.26	12.00 
1.112	12.00 
0.727	12.00 
0.671	12.00 
0.814	12.00 
0.755	12.00 
0.7	12.00 
0.587	12.00 
0.61	12.00 
0.904	12.00 
0.574	12.00 
0.748	12.00 
0.542	12.00 
0.656	12.00 
0.755	12.00 
0.648	12.00 
0.713	12.00 
0.878	12.00 
1.272	12.00 
0.94	12.00 
0.723	12.00 
0.691	12.00 
0.858	12.00 
0.517	12.00 
0.667	12.00 
1.075	12.00 
0.545	12.00 
0.664	12.00 
0.649	12.00 
0.506	12.00 
0.995	12.00 
2.111	14.00 
1.753	14.00 
1.314	12.00 
1.461	12.00 
1.591	14.00 
1.343	12.00 
1.089	12.00 
1.675	14.00 
1.92	14.00 
1.719	14.00 
1.682	14.00 
1.715	14.00 
1.851	14.00 
2.156	14.00 
2.3	14.00 
2.036	14.00 
1.898	14.00 
0.85	12.00 
1.657	14.00 
2.066	14.00 
2.116	14.00 
2.017	14.00 
1.911	14.00 
1.892	14.00 
1.884	14.00 
2.689	16.00 
2.7	16.00 
2.527	16.00 
2.397	14.00 
2.619	16.00 
2.054	14.00 
2.002	14.00 
1.998	14.00 
1.91	14.00 
1.87	14.00 
1.873	14.00 
2.044	14.00 
2.309	14.00 
1.762	14.00 
1.781	14.00 
1.809	14.00 
1.413	12.00 
1.075	12.00 
0.883	12.00 
0.894	12.00 
1.117	12.00 
1.598	14.00 
1.405	12.00 
1.315	12.00 
0.659	12.00 
0.551	12.00 
1.01	12.00 
0.649	12.00 
1.175	12.00 
2.134	14.00 
2.1	14.00 
1.792	14.00 
1.725	14.00 
1.966	14.00 
1.819	14.00 
2.242	14.00 
2.356	14.00 
1.85	14.00 
1.9	14.00 
1.671	14.00 
0.991	12.00 
1.204	12.00 
1.17	12.00 
0.755	12.00 
0.575	12.00 
0.593	12.00 
0.711	12.00 
0.647	12.00 
0.788	12.00 
1.124	12.00 
0.582	12.00 
0.693	12.00 
0.699	12.00 
0.568	12.00 
0.787	12.00 
1.112	12.00 
1.025	12.00 
0.8	12.00 
0.831	12.00 
0.896	12.00 
0.553	12.00 
0.535	12.00 
0.571	12.00 
0.932	12.00 
0.937	12.00 
0.765	12.00 
1.33	12.00 
1.764	14.00 
1.685	14.00 
1.648	14.00 
1.028	12.00 
1.728	14.00 
1.799	14.00 
1.791	14.00 
2.041	14.00 
1.919	14.00 
1.878	14.00 
1.234	12.00 
1.256	12.00 
1.782	14.00 
1.744	14.00 
2.484	14.00 
2.498	14.00 
2.89	16.00 
2.953	16.00 
3.487	16.00 
3.493	16.00 
3.679	18.00 
3.709	18.00 
3.9	18.00 
3.661	18.00 
4.024	18.00 
4.01	18.00 
3.821	18.00 
3.213	16.00 
3.34	16.00 
3.331	16.00 
3.331	16.00 
3.229	16.00 
3.203	16.00 
3.138	16.00 
3.541	18.00 
3.64	18.00 
3.321	16.00 
3.337	16.00 
3.45	16.00 
3.824	18.00 
3.985	18.00 
4.174	18.00 
4.181	18.00 
3.821	18.00 
3.993	18.00 
4.183	18.00 
4.19	18.00 
3.918	18.00 
3.953	18.00 
3.92	18.00 
4.623	20.00 
4.624	20.00 
4.65	20.00 
4.943	20.00 
5.443	20.00 
5.307	20.00 
5.069	20.00 
4.906	20.00 
5.007	20.00 
4.913	20.00 
4.956	20.00 
4.88	20.00 
4.59	20.00 
4.375	18.00 
4.58	20.00 
4.343	18.00 
4.429	18.00 
4.441	18.00 
4.492	18.00 
4.417	18.00 
4.444	18.00 
4.068	18.00 
3.904	18.00 
3.947	18.00 
4.043	18.00 
4.497	18.00 
4.362	18.00 
4.238	18.00 
4.244	18.00 
3.247	16.00 
2.892	16.00 
3.036	16.00 
2.981	16.00 
3.031	16.00 
2.659	16.00 
2.764	16.00 
2.6	16.00 
2.666	16.00 
2.617	16.00 
2.624	16.00 
3.294	16.00 
3.221	16.00 
3.456	16.00 
3.447	16.00 
3.468	16.00 
3.323	16.00 
3.688	18.00 
4.038	18.00 
4.093	18.00 
4.478	18.00 
4.172	18.00 
4.267	18.00 
4.622	20.00 
4.63	20.00 
4.442	18.00 
4.368	18.00 
4.395	18.00 
4.512	20.00 
4.434	18.00 
4.554	20.00 
4.336	18.00 
4.431	18.00 
4.558	20.00 
4.363	18.00 
4.659	20.00 
4.708	20.00 
4.416	18.00 
4.237	18.00 
3.836	18.00 
3.806	18.00 
4.094	18.00 
4.105	18.00 
4.12	18.00 
4.235	18.00 
4.383	18.00 
3.963	18.00 
4.245	18.00 
4.455	18.00 
4.616	20.00 
4.329	18.00 
4.603	20.00 
4.811	20.00 
4.711	20.00 
4.836	20.00 
5.056	20.00 
5.051	20.00 
5.218	20.00 
4.921	20.00 
5.14	20.00 
5.007	20.00 
5.103	20.00 
5.156	20.00 
5.228	20.00 
4.666	20.00 
4.384	18.00 
4.421	18.00 
4.341	18.00 
4.159	18.00 
4.291	18.00 
4.313	18.00 
4.378	18.00 
4.332	18.00 
4.583	20.00 
4.808	20.00 
5.176	20.00 
5.407	20.00 
5.382	20.00 
5.453	20.00 
5.428	20.00 
5.516	22.00 
5.535	22.00 
5.662	22.00 
5.574	22.00 
5.601	22.00 
5.669	22.00 
5.764	22.00 
5.433	20.00 
5.247	20.00 
5.259	20.00 
5.027	20.00 
4.709	20.00 
4.699	20.00 
4.525	20.00 
5.17	20.00 
5.056	20.00 
5.758	22.00 
5.846	22.00 
5.291	20.00 
5.336	20.00 
5.458	20.00 
5.433	20.00 
5.523	22.00 
5.414	20.00 
5.201	20.00 
5.336	20.00 
5.311	20.00 
4.874	20.00 
4.99	20.00 
4.813	20.00 
4.777	20.00 
4.882	20.00 
5.152	20.00 
5.119	20.00 
4.872	20.00 
4.822	20.00 
4.346	18.00 
4.17	18.00 
4.06	18.00 
4.148	18.00 
3.829	18.00 
3.889	18.00 
3.285	16.00 
3.45	16.00 
3.329	16.00 
3.285	16.00 
2.894	16.00 
2.971	16.00 
2.853	16.00 
2.701	16.00 
2.656	16.00 
2.671	16.00 
2.367	14.00 
2.306	14.00 
1.481	12.00 
1.503	14.00 
1.507	14.00 
1.201	12.00 
1.109	12.00 
1.05	12.00 
0.98	12.00 
1.019	12.00 
1.117	12.00 
1.368	12.00 
1.269	12.00 
1.958	14.00 
1.748	14.00 
1.756	14.00 
1.16	12.00 
1.167	12.00 
1.159	12.00 
0.865	12.00 
1.322	12.00 
1.384	12.00 
1.741	14.00 
1.811	14.00 
1.696	14.00 
1.928	14.00 
2.076	14.00 
1.862	14.00 
1.99	14.00 
1.497	12.00 
1.205	12.00 
0.955	12.00 
0.866	12.00 
1.023	12.00 
1.017	12.00 
0.572	12.00 
1.052	12.00 
1.343	12.00 
1.788	14.00 
2.066	14.00 
2.359	14.00 
2.565	16.00 
2.543	16.00 
2.668	16.00 
2.11	14.00 
2.113	14.00 
2.328	14.00 
2.209	14.00 
2.323	14.00 
2.225	14.00 
1.959	14.00 
2.247	14.00 
2.266	14.00 
2.133	14.00 
1.981	14.00 
1.981	14.00 
2.05	14.00 
2.308	14.00 
2.36	14.00 
2.464	14.00 
2.189	14.00 
2.262	14.00 
1.936	14.00 
0.948	12.00 
0.553	12.00 
0.756	12.00 
0.681	12.00 
0.787	12.00 
0.891	12.00 
1.19	12.00 
1.253	12.00 
1.288	12.00 
1.579	14.00 
1.705	14.00 
1.883	14.00 
1.889	14.00 
2.03	14.00 
2.11	14.00 
2.001	14.00 
1.956	14.00 
2.082	14.00 
1.383	12.00 
1.512	14.00 
1.55	14.00 
1.731	14.00 
1.704	14.00 
1.7	14.00 
2.169	14.00 
1.471	12.00 
1.497	12.00 
2.922	16.00 
3.166	16.00 
3.192	16.00 
3.28	16.00 
3.13	16.00 
2.372	14.00 
2.438	14.00 
2.647	16.00 
2.905	16.00 
3.281	16.00 
3.394	16.00 
4.063	18.00 
4.244	18.00 
4.745	20.00 
4.054	18.00 
4.149	18.00 
4.05	18.00 
3.861	18.00 
4.245	18.00 
4.309	18.00 
4.102	18.00 
3.69	18.00 
3.539	18.00 
4.063	18.00 
4.795	20.00 
5.976	22.00 
7.134	24.00 
7.043	24.00 
6.744	24.00 
6.412	22.00 
6.525	24.00 
6.358	22.00 
6.469	22.00 
6.507	24.00 
6.463	22.00 
6.75	24.00 
6.854	24.00 
5.928	22.00 
6.065	22.00 
5.821	22.00 
5.284	20.00 
5.611	22.00 
6.086	22.00 
6.039	22.00 
6.409	22.00 
6.456	22.00 
6.265	22.00 
6.019	22.00 
5.853	22.00 
6.262	22.00 
6.367	22.00 
6.773	24.00 
6.58	24.00 
6.307	22.00 
7.248	24.00 
7.171	24.00 
7.874	26.00 
8.402	26.00 
8.406	26.00 
8.426	26.00 
8.637	28.00 
9.26	28.00 
9.205	28.00 
9.078	28.00 
9.435	28.00 
9.927	30.00 
9.642	30.00 
9.719	30.00 
8.639	28.00 
8.406	26.00 
8.286	26.00 
8.263	26.00 
8.106	26.00 
5.659	22.00 
4.639	20.00 
4.498	18.00 
3.984	18.00 
3.385	16.00 
2.869	16.00 
2.469	14.00 
2.365	14.00 
2.907	16.00 
2.578	16.00 
1.887	14.00 
1.328	12.00 
1.176	12.00 
1.921	14.00 
2.05	14.00 
2.096	14.00 
2.339	14.00 
2.618	16.00 
2.574	16.00 
2.881	16.00 
3.131	16.00 
2.699	16.00 
2.703	16.00 
2.53	16.00 
2.416	14.00 
2.399	14.00 
2.52	16.00 
2.458	14.00 
2.51	16.00 
2.641	16.00 
2.598	16.00 
2.343	14.00 
1.979	14.00 
1.97	14.00 
2.836	16.00 
3.038	16.00 
3.081	16.00 
2.978	16.00 
2.26	14.00 
2.006	14.00 
2.123	14.00 
2.882	16.00 
3.264	16.00 
4.105	18.00 
3.729	18.00 
3.789	18.00 
3.847	18.00 
2.628	16.00 
2.787	16.00 
2.777	16.00 
2.799	16.00 
2.456	14.00 
2.385	14.00 
1.678	14.00 
1.763	14.00 
1.791	14.00 
1.993	14.00 
1.595	14.00 
2.16	14.00 
2.602	16.00 
2.703	16.00 
1.706	14.00 
1.075	12.00 
1.314	12.00 
1.284	12.00 
1.465	12.00 
1.227	12.00 
1.486	12.00 
1.422	12.00 
2.019	14.00 
0.992	12.00 
1.028	12.00 
0.705	12.00 
0.837	12.00 
0.733	12.00 
1.122	12.00 
0.715	12.00 
0.816	12.00 
0.963	12.00 
0.944	12.00 
1.211	12.00 
1.091	12.00 
0.932	12.00 
1.17	12.00 
1.112	12.00 
1.174	12.00 
0.532	12.00 
0.897	12.00 
1.174	12.00 
1.154	12.00 
1.323	12.00 
1.185	12.00 
1.41	12.00 
2.053	14.00 
1.605	14.00 
1.498	12.00 
1.196	12.00 
0.868	12.00 
0.685	12.00 
0.801	12.00 
0.753	12.00 
0.554	12.00 
0.741	12.00 
1.513	14.00 
1.539	14.00 
1.318	12.00 
1.94	14.00 
1.896	14.00 
1.638	14.00 
1.373	12.00 
1.366	12.00 
1.505	14.00 
2.046	14.00 
2.006	14.00 
2.149	14.00 
1.92	14.00 
2.125	14.00 
2.078	14.00 
1.672	14.00 
1.738	14.00 
1.576	14.00 
1.449	12.00 
1.429	12.00 
1.188	12.00 
1.091	12.00 
1.611	14.00 
1.809	14.00 
1.759	14.00 
0.905	12.00 
0.936	12.00 
0.75	12.00 
0.515	12.00 
0.687	12.00 
0.616	12.00 
0.75	12.00 
0.755	12.00 
0.737	12.00 
0.608	12.00 
0.679	12.00 
2.288	14.00 
2.44	14.00 
2.35	14.00 
2.256	14.00 
2.384	14.00 
2.966	16.00 
2.909	16.00 
3.152	16.00 
3.221	16.00 
3.209	16.00 
3.431	16.00 
3.475	16.00 
3.325	16.00 
3.435	16.00 
3.547	18.00 
4.047	18.00 
3.889	18.00 
3.77	18.00 
3.977	18.00 
4.094	18.00 
3.593	18.00 
3.77	18.00 
3.781	18.00 
3.198	16.00 
3.796	18.00 
3.743	18.00 
3.738	18.00 
3.042	16.00 
3.117	16.00 
3.122	16.00 
3.215	16.00 
3.439	16.00 
3.419	16.00 
3.595	18.00 
3.493	16.00 
4.124	18.00 
3.98	18.00 
4.215	18.00 
4.08	18.00 
4.144	18.00 
4.846	20.00 
4.683	20.00 
3.204	16.00 
3.356	16.00 
3.495	16.00 
3.791	18.00 
3.638	18.00 
3.134	16.00 
3.777	18.00 
3.766	18.00 
3.597	18.00 
3.153	16.00 
4.142	18.00 
4.061	18.00 
3.833	18.00 
4.076	18.00 
4.135	18.00 
4.072	18.00 
4.116	18.00 
3.84	18.00 
4.192	18.00 
4.204	18.00 
3.824	18.00 
3.622	18.00 
3.462	16.00 
3.844	18.00 
3.472	16.00 
3.601	18.00 
3.612	18.00 
3.69	18.00 
3.41	16.00 
3.453	16.00 
3.044	16.00 
3.382	16.00 
4.052	18.00 
3.758	18.00 
3.565	18.00 
3.432	16.00 
3.49	16.00 
3.495	16.00 
3.509	18.00 
3.606	18.00 
3.944	18.00 
4.207	18.00 
4.344	18.00 
4.391	18.00 
4.491	18.00 
4.332	18.00 
4.039	18.00 
4.095	18.00 
4.001	18.00 
3.866	18.00 
3.439	16.00 
3.485	16.00 
3.519	18.00 
3.319	16.00 
3.444	16.00 
3.337	16.00 
3.328	16.00 
3.384	16.00 
3.17	16.00 
3.517	18.00 
3.668	18.00 
4.054	18.00 
3.731	18.00 
3.711	18.00 
4.235	18.00 
4.359	18.00 
4.588	20.00 
4.541	20.00 
4.462	18.00 
4.329	18.00 
4.416	18.00 
4.394	18.00 
4.862	20.00 
4.818	20.00 
4.777	20.00 
5.086	20.00 
4.59	20.00 
4.584	20.00 
4.874	20.00 
4.759	20.00 
4.556	20.00 
4.476	18.00 
4.307	18.00 
4.242	18.00 
4.168	18.00 
4.019	18.00 
3.906	18.00 
3.618	18.00 
3.319	16.00 
3.33	16.00 
3.208	16.00 
3.035	16.00 
2.946	16.00 
2.763	16.00 
2.752	16.00 
2.613	16.00 
2.655	16.00 
2.723	16.00 
2.885	16.00 
2.926	16.00 
3.249	16.00 
3.164	16.00 
3.013	16.00 
2.997	16.00 
3.032	16.00 
2.734	16.00 
3.231	16.00 
3.185	16.00 
2.958	16.00 
3.119	16.00 
3.112	16.00 
3.55	18.00 
3.001	16.00 
3.17	16.00 
3.229	16.00 
3.731	18.00 
3.567	18.00 
3.141	16.00 
3.369	16.00 
3.428	16.00 
3.479	16.00 
3.473	16.00 
3.414	16.00 
2.885	16.00 
2.726	16.00 
2.669	16.00 
2.752	16.00 
2.744	16.00 
2.822	16.00 
2.557	16.00 
2.295	14.00 
2.169	14.00 
2.477	14.00 
2.356	14.00 
2.341	14.00 
2.679	16.00 
2.458	14.00 
2.47	14.00 
2.625	16.00 
2.861	16.00 
2.74	16.00 
2.799	16.00 
2.94	16.00 
3.36	16.00 
3.318	16.00 
3.963	18.00 
3.8	18.00 
3.984	18.00 
3.793	18.00 
2.793	16.00 
3.119	16.00 
3.231	16.00 
3.455	16.00 
3.833	18.00 
3.763	18.00 
3.433	16.00 
3.443	16.00 
3.774	18.00 
3.784	18.00 
3.772	18.00 
4.039	18.00 
4.068	18.00 
4.074	18.00 
3.955	18.00 
4.229	18.00 
3.692	18.00 
3.672	18.00 
3.435	16.00 
3.097	16.00 
3.311	16.00 
3.218	16.00 
2.775	16.00 
2.501	16.00 
1.948	14.00 
2.588	16.00 
2.924	16.00 
3.203	16.00 
3.656	18.00 
3.708	18.00 
3.743	18.00 
4.377	18.00 
4.509	20.00 
4.241	18.00 
3.757	18.00 
3.068	16.00 
3.791	18.00 
3.522	18.00 
3.457	16.00 
3.269	16.00 
3.333	16.00 
2.956	16.00 
3.447	16.00 
3.527	18.00 
3.743	18.00 
3.55	18.00 
3.979	18.00 
4.197	18.00 
4.031	18.00 
4.068	18.00 
4.022	18.00 
3.259	16.00 
3.36	16.00 
3.726	18.00 
3.477	16.00 
3.584	18.00 
3.633	18.00 
3.508	18.00 
3.481	16.00 
3.36	16.00 
3.529	18.00 
3.634	18.00 
3.935	18.00 
3.787	18.00 
3.59	18.00 
3.498	16.00 
3.402	16.00 
3.23	16.00 
3.072	16.00 
3.311	16.00 
3.17	16.00 
3.088	16.00 
3.391	16.00 
3.808	18.00 
3.941	18.00 
3.958	18.00 
3.779	18.00 
3.782	18.00 
3.572	18.00 
3.109	16.00 
2.74	16.00 
2.516	16.00 
2.387	14.00 
2.19	14.00 
2.241	14.00 
2.266	14.00 
2.778	16.00 
2.927	16.00 
3.329	16.00 
3.444	16.00 
3.556	18.00 
3.491	16.00 
3.609	18.00 
3.973	18.00 
3.911	18.00 
5.15	20.00 
4.464	18.00 
4.775	20.00 
4.749	20.00 
4.863	20.00 
5.097	20.00 
4.078	18.00 
3.888	18.00 
3.927	18.00 
3.741	18.00 
3.816	18.00 
4.122	18.00 
3.78	18.00 
3.723	18.00 
3.576	18.00 
3.501	18.00 
3.53	18.00 
3.603	18.00 
3.459	16.00 
4.059	18.00 
3.833	18.00 
3.76	18.00 
4.086	18.00 
3.988	18.00 
3.991	18.00 
3.918	18.00 
3.83	18.00 
3.852	18.00 
2.927	16.00 
3.306	16.00 
3.358	16.00 
3.648	18.00 
3.485	16.00 
3.226	16.00 
3.181	16.00 
2.988	16.00 
2.608	16.00 
2.957	16.00 
2.906	16.00 
2.074	14.00 
2.083	14.00 
2.161	14.00 
2.192	14.00 
2.201	14.00 
2.069	14.00 
2.274	14.00 
2.697	16.00 
2.694	16.00 
2.42	14.00 
2.286	14.00 
2.278	14.00 
2.356	14.00 
2.502	16.00 
2.487	14.00 
2.373	14.00 
2.441	14.00 
1.935	14.00 
2.226	14.00 
2.119	14.00 
2.248	14.00 
2.856	16.00 
2.838	16.00 
2.802	16.00 
2.803	16.00 
2.78	16.00 
2.718	16.00 
2.613	16.00 
2.047	14.00 
1.987	14.00 
1.815	14.00 
1.792	14.00 
1.963	14.00 
2.178	14.00 
1.777	14.00 
1.644	14.00 
1.639	14.00 
1.791	14.00 
1.911	14.00 
1.897	14.00 
1.925	14.00 
1.723	14.00 
1.905	14.00 
2.008	14.00 
1.973	14.00 
1.876	14.00 
1.638	14.00 
1.714	14.00 
1.729	14.00 
1.712	14.00 
1.748	14.00 
1.707	14.00 
1.446	12.00 
1.659	14.00 
1.595	14.00 
1.407	12.00 
1.257	12.00 
1.148	12.00 
1.262	12.00 
1.197	12.00 
1.14	12.00 
1.05	12.00 
0.928	12.00 
1.186	12.00 
1.23	12.00 
1.263	12.00 
1.316	12.00 
1.556	14.00 
1.573	14.00 
1.501	14.00 
1.471	12.00 
1.591	14.00 
1.681	14.00 
1.86	14.00 
1.91	14.00 
1.995	14.00 
1.987	14.00 
1.909	14.00 
1.779	14.00 
1.694	14.00 
1.571	14.00 
1.624	14.00 
1.644	14.00 
1.715	14.00 
1.766	14.00 
1.99	14.00 
1.986	14.00 
1.975	14.00 
2.038	14.00 
1.983	14.00 
2.027	14.00 
1.89	14.00 
1.594	14.00 
1.55	14.00 
1.297	12.00 
1.345	12.00 
1.429	12.00 
1.53	14.00 
1.662	14.00 
2.015	14.00 
2.093	14.00 
1.829	14.00 
1.81	14.00 
1.819	14.00 
1.809	14.00 
1.995	14.00 
1.959	14.00 
2.016	14.00 
1.995	14.00 
1.633	14.00 
1.914	14.00 
2.223	14.00 
2.179	14.00 
2.505	16.00 
2.075	14.00 
2.015	14.00 
2.094	14.00 
2.019	14.00 
2.125	14.00 
2.058	14.00 
1.938	14.00 
1.811	14.00 
1.751	14.00 
1.913	14.00 
1.822	14.00 
2.291	14.00 
2.469	14.00 
2.639	16.00 
2.543	16.00 
2.61	16.00 
2.578	16.00 
2.784	16.00 
2.958	16.00 
2.766	16.00 
2.541	16.00 
2.844	16.00 
2.531	16.00 
2.714	16.00 
2.39	14.00 
2.418	14.00 
2.361	14.00 
2.411	14.00 
2.718	16.00 
2.78	16.00 
2.766	16.00 
2.87	16.00 
2.87	16.00 
2.819	16.00 
2.832	16.00 
2.955	16.00 
3.021	16.00 
2.551	16.00 
2.421	14.00 
2.468	14.00 
2.487	14.00 
2.125	14.00 
2.172	14.00 
2.164	14.00 
2.538	16.00 
2.634	16.00 
2.568	16.00 
2.81	16.00 
2.822	16.00 
2.618	16.00 
2.353	14.00 
2.288	14.00 
1.551	14.00 
1.799	14.00 
1.685	14.00 
1.638	14.00 
1.678	14.00 
1.554	14.00 
1.536	14.00 
1.434	12.00 
1.538	14.00 
1.563	14.00 
1.459	12.00 
1.439	12.00 
1.613	14.00 
1.646	14.00 
1.656	14.00 
1.588	14.00 
1.365	12.00 
1.354	12.00 
1.188	12.00 
1.281	12.00 
1.126	12.00 
0.858	12.00 
1.779	14.00 
1.756	14.00 
1.653	14.00 
1.63	14.00 
1.832	14.00 
1.918	14.00 
1.946	14.00 
1.782	14.00 
1.869	14.00 
1.91	14.00 
2.52	16.00 
2.503	16.00 
2.486	14.00 
2.227	14.00 
2.198	14.00 
2.226	14.00 
2.23	14.00 
2.333	14.00 
2.487	14.00 
2.639	16.00 
2.813	16.00 
2.825	16.00 
3.108	16.00 
2.845	16.00 
2.656	16.00 
2.575	16.00 
2.19	14.00 
2.398	14.00 
2.561	16.00 
2.682	16.00 
2.634	16.00 
2.657	16.00 
2.868	16.00 
3.009	16.00 
3.022	16.00 
3.009	16.00 
3.049	16.00 
3.329	16.00 
3.289	16.00 
3.155	16.00 
3.252	16.00 
3.117	16.00 
3.145	16.00 
3.304	16.00 
3.243	16.00 
3.209	16.00 
3.284	16.00 
3.539	18.00 
3.685	18.00 
3.622	18.00 
3.603	18.00 
3.591	18.00 
3.686	18.00 
3.685	18.00 
3.705	18.00 
3.669	18.00 
4.019	18.00 
3.699	18.00 
3.646	18.00 
3.956	18.00 
3.832	18.00 
3.185	16.00 
3.035	16.00 
3.106	16.00 
3.682	18.00 
3.644	18.00 
4.006	18.00 
3.993	18.00 
3.469	16.00 
3.52	18.00 
3.647	18.00 
3.674	18.00 
3.313	16.00 
3.128	16.00 
3.09	16.00 
3.029	16.00 
3.735	18.00 
3.914	18.00 
3.888	18.00 
4.024	18.00 
3.988	18.00 
3.859	18.00 
3.983	18.00 
3.914	18.00 
3.985	18.00 
3.959	18.00 
3.594	18.00 
3.779	18.00 
3.443	16.00 
3.647	18.00 
3.722	18.00 
3.6	18.00 
3.333	16.00 
3.311	16.00 
3.177	16.00 
3.214	16.00 
3.543	18.00 
3.51	18.00 
3.509	18.00 
3.714	18.00 
3.565	18.00 
3.605	18.00 
3.683	18.00 
3.494	16.00 
3.522	18.00 
3.499	16.00 
3.597	18.00 
3.703	18.00 
3.609	18.00 
3.789	18.00 
3.83	18.00 
3.759	18.00 
3.858	18.00 
4.156	18.00 
3.883	18.00 
3.99	18.00 
3.88	18.00 
3.899	18.00 
3.92	18.00 
4.188	18.00 
4.398	18.00 
4.378	18.00 
4.653	20.00 
4.459	18.00 
4.675	20.00 
4.823	20.00 
4.85	20.00 
4.619	20.00 
4.458	18.00 
4.505	20.00 
4.65	20.00 
4.779	20.00 
4.586	20.00 
4.652	20.00 
4.83	20.00 
4.791	20.00 
5.084	20.00 
5.159	20.00 
5.333	20.00 
5.493	20.00 
5.352	20.00 
5.422	20.00 
5.078	20.00 
5.098	20.00 
5.066	20.00 
5.218	20.00 
5.455	20.00 
5.483	20.00 
5.839	22.00 
5.644	22.00 
5.472	20.00 
5.488	20.00 
5.487	20.00 
5.64	22.00 
5.786	22.00 
6.214	22.00 
6.326	22.00 
6.801	24.00 
6.792	24.00 
6.775	24.00 
6.525	24.00 
6.687	24.00 
6.689	24.00 
6.971	24.00 
7.093	24.00 
6.816	24.00 
6.992	24.00 
7.066	24.00 
6.979	24.00 
7.093	24.00 
7.025	24.00 
6.804	24.00 
6.784	24.00 
7.108	24.00 
7.255	24.00 
7.215	24.00 
6.852	24.00 
6.737	24.00 
6.434	22.00 
6.505	24.00 
6.652	24.00 
6.686	24.00 
6.528	24.00 
6.501	24.00 
6.235	22.00 
6.237	22.00 
6.176	22.00 
6.131	22.00 
5.868	22.00 
5.793	22.00 
5.674	22.00 
5.572	22.00 
5.809	22.00 
5.666	22.00 
5.509	22.00 
4.948	20.00 
4.715	20.00 
4.881	20.00 
4.895	20.00 
4.791	20.00 
4.584	20.00 
4.701	20.00 
4.258	18.00 
4.057	18.00 
4.398	18.00 
4.457	18.00 
4.373	18.00 
4.366	18.00 
4.463	18.00 
4.503	20.00 
4.22	18.00 
4.027	18.00 
4.345	18.00 
4.513	20.00 
4.233	18.00 
4.176	18.00 
4.019	18.00 
4.216	18.00 
4.398	18.00 
4.527	20.00 
4.448	18.00 
4.698	20.00 
4.091	18.00 
4.098	18.00 
4.064	18.00 
3.917	18.00 
4	18.00 
4.029	18.00 
4.106	18.00 
4.03	18.00 
3.897	18.00 
4.046	18.00 
4.262	18.00 
3.979	18.00 
4.022	18.00 
3.815	18.00 
4.097	18.00 
3.966	18.00 
3.981	18.00 
3.926	18.00 
3.919	18.00 
3.912	18.00 
3.705	18.00 
3.833	18.00 
3.765	18.00 
3.866	18.00 
3.818	18.00 
3.782	18.00 
3.266	16.00 
3.282	16.00 
3.586	18.00 
3.476	16.00 
3.361	16.00 
3.023	16.00 
3.054	16.00 
3.03	16.00 
3.01	16.00 
3.007	16.00 
3.029	16.00 
3.051	16.00 
3.088	16.00 
2.9	16.00 
2.77	16.00 
2.734	16.00 
2.826	16.00 
2.66	16.00 
2.969	16.00 
3.366	16.00 
3.333	16.00 
3.216	16.00 
3.326	16.00 
3.497	16.00 
3.556	18.00 
3.477	16.00 
3.285	16.00 
3.162	16.00 
3.331	16.00 
3.181	16.00 
3.225	16.00 
3.169	16.00 
3.355	16.00 
3.346	16.00 
3.345	16.00 
3.308	16.00 
3.279	16.00 
3.687	18.00 
3.876	18.00 
3.887	18.00 
4.054	18.00 
3.802	18.00 
3.58	18.00 
3.515	18.00 
3.53	18.00 
3.442	16.00 
3.306	16.00 
3.45	16.00 
3.266	16.00 
3.403	16.00 
3.507	18.00 
3.084	16.00 
3.095	16.00 
3.279	16.00 
3.177	16.00 
3.185	16.00 
3.132	16.00 
3.15	16.00 
3.154	16.00 
3.116	16.00 
3.108	16.00 
3.052	16.00 
2.997	16.00 
3.181	16.00 
3.081	16.00 
2.892	16.00 
2.985	16.00 
2.691	16.00 
2.853	16.00 
2.84	16.00 
2.914	16.00 
2.797	16.00 
2.995	16.00 
2.656	16.00 
2.032	14.00 
1.647	14.00 
3.209	16.00 
3.469	16.00 
3.818	18.00 
3.772	18.00 
3.37	16.00 
3.398	16.00 
2.603	16.00 
2.168	14.00 
2.183	14.00 
2.804	16.00 
2.832	16.00 
2.02	14.00 
2.612	16.00 
2.525	16.00 
2.503	16.00 
3.161	16.00 
3.193	16.00 
2.959	16.00 
3.675	18.00 
3.549	18.00 
3.617	18.00 
3.721	18.00 
3.808	18.00 
3.612	18.00 
3.329	16.00 
2.457	14.00 
3.469	16.00 
2.978	16.00 
2.12	14.00 
1.675	14.00 
1.495	12.00 
1.52	14.00 
2.289	14.00 
2.455	14.00 
3.103	16.00 
2.961	16.00 
2.616	16.00 
2.358	14.00 
2.609	16.00 
2.594	16.00 
2.778	16.00 
3.204	16.00 
3.204	16.00 
3.285	16.00 
3.853	18.00 
4.051	18.00 
4.166	18.00 
4.795	20.00 
5.061	20.00 
5.161	20.00 
5.251	20.00 
5.049	20.00 
4.457	18.00 
4.558	20.00 
4.44	18.00 
5.654	22.00 
6.003	22.00 
7.216	24.00 
6.953	24.00 
8.003	26.00 
6.939	24.00 
6.911	24.00 
6.632	24.00 
6.554	24.00 
6.45	22.00 
6.249	22.00 
5.561	22.00 
5.37	20.00 
5.458	20.00 
6.248	22.00 
5.953	22.00 
5.947	22.00 
5.249	20.00 
5.515	22.00 
5.479	20.00 
6.269	22.00 
7.297	24.00 
7.068	24.00 
7.042	24.00 
6.796	24.00 
7.178	24.00 
6.505	24.00 
6.684	24.00 
6.372	22.00 
6.458	22.00 
6.559	24.00 
6.669	24.00 
6.362	22.00 
6.531	24.00 
7.122	24.00 
7.35	24.00 
7.396	24.00 
7.063	24.00 
7.593	26.00 
7.138	24.00 
6.633	24.00 
6.627	24.00 
6.05	22.00 
5.236	20.00 
5.556	22.00 
5.472	20.00 
5.894	22.00 
5.492	20.00 
5.674	22.00 
5.715	22.00 
5.814	22.00 
6.715	24.00 
4.89	20.00 
5.015	20.00 
5.395	20.00 
5.162	20.00 
5.175	20.00 
6.087	22.00 
6.187	22.00 
6.479	22.00 
6.212	22.00 
5.791	22.00 
5.925	22.00 
5.535	22.00 
5.369	20.00 
6.058	22.00 
5.615	22.00 
5.784	22.00 
6.061	22.00 
5.525	22.00 
4.834	20.00 
4.825	20.00 
5.185	20.00 
5.499	20.00 
5.304	20.00 
5.186	20.00 
5.471	20.00 
5.45	20.00 
5.237	20.00 
5.266	20.00 
4.973	20.00 
4.855	20.00 
4.33	18.00 
4.597	20.00 
4.512	20.00 
4.201	18.00 
4.977	20.00 
5.671	22.00 
4.981	20.00 
4.9	20.00 
4.928	20.00 
5.172	20.00 
5.199	20.00 
5.219	20.00 
5.282	20.00 
5.089	20.00 
5.897	22.00 
6.032	22.00 
5.919	22.00 
5.956	22.00 
5.917	22.00 
5.87	22.00 
6.344	22.00 
5.803	22.00 
5.742	22.00 
5.567	22.00 
5.48	20.00 
4.696	20.00 
4.411	18.00 
4.815	20.00 
4.829	20.00 
4.85	20.00 
4.655	20.00 
4.029	18.00 
3.917	18.00 
4.013	18.00 
3.874	18.00 
4.253	18.00 
4.084	18.00 
3.833	18.00 
2.899	16.00 
3.353	16.00 
2.056	14.00 
2.095	14.00 
2.237	14.00 
1.818	14.00 
1.715	14.00 
1.705	14.00 
1.557	14.00 
1.514	14.00 
0.854	12.00 
1.45	12.00 
1.613	14.00 
1.985	14.00 
2.014	14.00 
2.549	16.00 
2.771	16.00 
2.906	16.00 
3.139	16.00 
3.36	16.00 
3.245	16.00 
3.977	18.00 
4.071	18.00 
3.78	18.00 
3.747	18.00 
3.595	18.00 
3.392	16.00 
3.253	16.00 
3.122	16.00 
3.11	16.00 
2.672	16.00 
2.819	16.00 
2.567	16.00 
3.201	16.00 
3.64	18.00 
2.137	14.00 
2.047	14.00 
1.733	14.00 
2.051	14.00 
1.89	14.00 
2.242	14.00 
2.296	14.00 
2.247	14.00 
2.112	14.00 
1.66	14.00 
1.854	14.00 
2.111	14.00 
2.072	14.00 
2.146	14.00 
2.061	14.00 
2.171	14.00 
2.162	14.00 
2.345	14.00 
1.949	14.00 
1.953	14.00 
2.238	14.00 
2.156	14.00 
1.6	14.00 
1.12	12.00 
1.353	12.00 
1.081	12.00 
1.259	12.00 
1.201	12.00 
1.242	12.00 
2.066	14.00 
2.226	14.00 
2.381	14.00 
2.233	14.00 
2.315	14.00 
1.663	14.00 
1.457	12.00 
1.095	12.00 
1.216	12.00 
1.396	12.00 
1.306	12.00 
1.029	12.00 
1.424	12.00 
1.461	12.00 
1.564	14.00 
1.856	14.00 
1.774	14.00 
1.721	14.00 
1.906	14.00 
2.424	14.00 
2.558	16.00 
2.657	16.00 
2.631	16.00 
2.949	16.00 
2.971	16.00 
3.166	16.00 
3.311	16.00 
3.343	16.00 
3.338	16.00 
3.448	16.00 
2.957	16.00 
2.735	16.00 
2.355	14.00 
2.684	16.00 
2.758	16.00 
2.85	16.00 
2.983	16.00 
3.069	16.00 
2.675	16.00 
2.515	16.00 
2.097	14.00 
2.175	14.00 
1.925	14.00 
1.439	12.00 
1.544	14.00 
1.579	14.00 
1.535	14.00 
1.024	12.00 
0.976	12.00 
1.221	12.00 
1.432	12.00 
1.424	12.00 
0.525	12.00 
0.638	12.00 
0.991	12.00 
1.282	12.00 
1.005	12.00 
0.976	12.00 
0.84	12.00 
0.83	12.00 
0.52	12.00 
1.066	12.00 
1.042	12.00 
1.229	12.00 
0.965	12.00 
1.001	12.00 
0.677	12.00 
0.601	12.00 
0.545	12.00 
0.985	12.00 
0.97	12.00 
0.752	12.00 
0.74	12.00 
0.552	12.00 
0.786	12.00 
0.979	12.00 
1.019	12.00 
1.148	12.00 
0.557	12.00 
0.543	12.00 
0.921	12.00 
0.889	12.00 
1.039	12.00 
0.832	12.00 
0.576	12.00 
0.846	12.00 
0.774	12.00 
0.837	12.00 
1.676	14.00 
1.52	14.00 
1.475	12.00 
2.214	14.00 
2.384	14.00 
2.103	14.00 
2.102	14.00 
2.025	14.00 
2.126	14.00 
2.125	14.00 
0.928	12.00 
1.225	12.00 
1.745	14.00 
1.679	14.00 
1.61	14.00 
1.27	12.00 
1.235	12.00 
1.241	12.00 
1.271	12.00 
1.546	14.00 
1.38	12.00 
1.388	12.00 
1.719	14.00 
1.699	14.00 
1.65	14.00 
1.639	14.00 
1.462	12.00 
1.55	14.00 
2.112	14.00 
2.159	14.00 
2.498	14.00 
2.692	16.00 
2.378	14.00 
2.422	14.00 
2.399	14.00 
2.218	14.00 
2.162	14.00 
1.785	14.00 
1.934	14.00 
2.593	16.00 
2.269	14.00 
2.421	14.00 
2.244	14.00 
3.031	16.00 
2.789	16.00 
2.852	16.00 
2.935	16.00 
2.424	14.00 
0.883	12.00 
1.214	12.00 
1.332	12.00 
0.829	12.00 
0.924	12.00 
1.038	12.00 
0.795	12.00 
0.729	12.00 
1.271	12.00 
1.019	12.00 
1.406	12.00 
1.329	12.00 
0.92	12.00 
1.194	12.00 
2.088	14.00 
2.1	14.00 
1.997	14.00 
2.328	14.00 
2.344	14.00 
2.152	14.00 
1.875	14.00 
2.297	14.00 
2.303	14.00 
2.333	14.00 
2.456	14.00 
2.373	14.00 
2.146	14.00 
2.286	14.00 
2.295	14.00 
2.054	14.00 
2	14.00 
2.052	14.00 
2.017	14.00 
2.175	14.00 
2.275	14.00 
2.306	14.00 
2.167	14.00 
2.133	14.00 
1.962	14.00 
1.688	14.00 
1.744	14.00 
1.664	14.00 
1.662	14.00 
1.782	14.00 
1.822	14.00 
1.644	14.00 
1.631	14.00 
1.583	14.00 
1.689	14.00 
1.97	14.00 
2.064	14.00 
1.861	14.00 
2.134	14.00 
1.966	14.00 
1.992	14.00 
1.888	14.00 
2.679	16.00 
2.615	16.00 
2.593	16.00 
2.637	16.00 
2.814	16.00 
3.03	16.00 
3.229	16.00 
3.075	16.00 
2.711	16.00 
2.815	16.00 
2.843	16.00 
3.159	16.00 
3.159	16.00 
3.118	16.00 
2.873	16.00 
2.674	16.00 
2.716	16.00 
3.383	16.00 
3.368	16.00 
3.284	16.00 
3.238	16.00 
2.858	16.00 
2.84	16.00 
3.1	16.00 
3.409	16.00 
3.431	16.00 
3.138	16.00 
3.027	16.00 
3.01	16.00 
2.828	16.00 
2.767	16.00 
2.829	16.00 
2.851	16.00 
2.88	16.00 
2.877	16.00 
2.733	16.00 
3.33	16.00 
3.31	16.00 
3.256	16.00 
3.185	16.00 
3.207	16.00 
3.332	16.00 
3.142	16.00 
2.696	16.00 
2.786	16.00 
2.392	14.00 
2.895	16.00 
2.972	16.00 
3.157	16.00 
3.22	16.00 
2.826	16.00 
2.73	16.00 
2.851	16.00 
2.868	16.00 
2.278	14.00 
2.322	14.00 
2.311	14.00 
2.553	16.00 
2.4	14.00 
2.433	14.00 
2.779	16.00 
2.304	14.00 
2.512	16.00 
2.83	16.00 
3.178	16.00 
3.212	16.00 
3.225	16.00 
3.346	16.00 
3.395	16.00 
3.208	16.00 
3.479	16.00 
3.501	18.00 
3.427	16.00 
3.353	16.00 
3.243	16.00 
3.139	16.00 
2.925	16.00 
2.896	16.00 
2.801	16.00 
2.848	16.00 
2.493	14.00 
2.425	14.00 
2.638	16.00 
2.64	16.00 
2.566	16.00 
2.653	16.00 
2.7	16.00 
2.524	16.00 
2.671	16.00 
2.883	16.00 
2.918	16.00 
3.126	16.00 
3.11	16.00 
2.957	16.00 
2.818	16.00 
2.903	16.00 
3.178	16.00 
3.216	16.00 
3.741	18.00 
3.948	18.00 
4.166	18.00 
4.303	18.00 
4.277	18.00 
4.257	18.00 
3.929	18.00 
3.993	18.00 
3.859	18.00 
3.846	18.00 
3.552	18.00 
3.61	18.00 
3.728	18.00 
3.476	16.00 
3.498	16.00 
3.572	18.00 
3.366	16.00 
3.365	16.00 
3.384	16.00 
3.369	16.00 
3.252	16.00 
3.383	16.00 
3.388	16.00 
3.135	16.00 
3.093	16.00 
2.965	16.00 
3.183	16.00 
3.124	16.00 
3.267	16.00 
2.931	16.00 
2.822	16.00 
2.976	16.00 
3.117	16.00 
3.013	16.00 
2.576	16.00 
2.706	16.00 
2.748	16.00 
2.633	16.00 
2.44	14.00 
2.763	16.00 
2.803	16.00 
2.822	16.00 
2.978	16.00 
2.986	16.00 
2.659	16.00 
2.778	16.00 
2.769	16.00 
3.159	16.00 
3.172	16.00 
3.926	18.00 
3.926	18.00 
4.111	18.00 
3.971	18.00 
4.367	18.00 
4.17	18.00 
3.925	18.00 
3.575	18.00 
3.672	18.00 
3.63	18.00 
3.604	18.00 
3.519	18.00 
3.492	16.00 
3.184	16.00 
3.247	16.00 
3.176	16.00 
3.243	16.00 
2.964	16.00 
2.964	16.00 
3.09	16.00 
2.67	16.00 
2.653	16.00 
2.904	16.00 
2.479	14.00 
2.626	16.00 
3.03	16.00 
3.127	16.00 
3.053	16.00 
3.06	16.00 
3.017	16.00 
2.978	16.00 
3.153	16.00 
3.044	16.00 
3.021	16.00 
2.728	16.00 
2.947	16.00 
3.118	16.00 
3.045	16.00 
3.333	16.00 
3.391	16.00 
3.481	16.00 
3.601	18.00 
3.753	18.00 
3.55	18.00 
3.414	16.00 
3.485	16.00 
3.472	16.00 
3.361	16.00 
2.838	16.00 
3.009	16.00 
3.097	16.00 
3.105	16.00 
2.644	16.00 
2.645	16.00 
2.508	16.00 
2.574	16.00 
2.81	16.00 
2.72	16.00 
2.563	16.00 
2.409	14.00 
2.34	14.00 
2.704	16.00 
2.392	14.00 
2.453	14.00 
2.469	14.00 
2.443	14.00 
2.44	14.00 
2.584	16.00 
2.616	16.00 
1.811	14.00 
1.821	14.00 
1.81	14.00 
2.052	14.00 
2.071	14.00 
2.109	14.00 
2.133	14.00 
2.226	14.00 
2.373	14.00 
2.384	14.00 
2.204	14.00 
2.279	14.00 
2.225	14.00 
2.37	14.00 
2.637	16.00 
2.466	14.00 
2.549	16.00 
2.806	16.00 
2.413	14.00 
2.888	16.00 
2.898	16.00 
3.038	16.00 
2.99	16.00 
2.878	16.00 
2.927	16.00 
2.843	16.00 
2.779	16.00 
2.762	16.00 
2.584	16.00 
2.163	14.00 
1.966	14.00 
1.828	14.00 
1.917	14.00 
2.043	14.00 
1.948	14.00 
1.931	14.00 
1.659	14.00 
1.266	12.00 
1.387	12.00 
1.69	14.00 
1.648	14.00 
1.646	14.00 
1.642	14.00 
1.883	14.00 
1.663	14.00 
1.478	12.00 
1.485	12.00 
1.461	12.00 
1.617	14.00 
1.62	14.00 
1.803	14.00 
1.308	12.00 
1.185	12.00 
1.174	12.00 
1.309	12.00 
1.231	12.00 
1.412	12.00 
1.373	12.00 
1.365	12.00 
1.436	12.00 
0.902	12.00 
0.954	12.00 
0.822	12.00 
0.882	12.00 
0.907	12.00 
1.212	12.00 
1.061	12.00 
1.137	12.00 
1.058	12.00 
0.927	12.00 
0.581	12.00 
0.666	12.00 
0.76	12.00 
0.905	12.00 
1.262	12.00 
1.211	12.00 
1.2	12.00 
0.997	12.00 
0.874	12.00 
0.846	12.00 
0.763	12.00 
0.785	12.00 
0.729	12.00 
0.646	12.00 
0.564	12.00 
0.56	12.00 
1.029	12.00 
0.959	12.00 
0.895	12.00 
0.714	12.00 
0.742	12.00 
0.737	12.00 
1.259	12.00 
1.569	14.00 
1.444	12.00 
1.402	12.00 
1.279	12.00 
1.569	14.00 
1.961	14.00 
1.897	14.00 
1.718	14.00 
1.449	12.00 
1.802	14.00 
2.277	14.00 
2.513	16.00 
2.487	14.00 
2.596	16.00 
2.58	16.00 
2.981	16.00 
2.363	14.00 
2.255	14.00 
2.279	14.00 
1.905	14.00 
2.183	14.00 
2.069	14.00 
1.911	14.00 
1.773	14.00 
1.91	14.00 
2.255	14.00 
1.899	14.00 
1.854	14.00 
1.752	14.00 
1.559	14.00 
2.015	14.00 
2.112	14.00 
2.264	14.00 
2.28	14.00 
2.356	14.00 
2.024	14.00 
2.459	14.00 
2.424	14.00 
2.16	14.00 
2.177	14.00 
2.394	14.00 
2.418	14.00 
2.444	14.00 
2.556	16.00 
2.606	16.00 
2.711	16.00 
2.716	16.00 
2.995	16.00 
2.792	16.00 
3.149	16.00 
3.472	16.00 
3.197	16.00 
3.17	16.00 
3.213	16.00 
3.123	16.00 
3.112	16.00 
3.093	16.00 
2.913	16.00 
2.931	16.00 
3.096	16.00 
2.997	16.00 
3	16.00 
2.747	16.00 
2.534	16.00 
2.741	16.00 
2.966	16.00 
3.144	16.00 
2.912	16.00 
2.881	16.00 
2.905	16.00 
2.782	16.00 
2.777	16.00 
1.942	14.00 
2.066	14.00 
2.155	14.00 
1.948	14.00 
2.172	14.00 
2.485	14.00 
2.523	16.00 
2.528	16.00 
2.67	16.00 
2.384	14.00 
2.654	16.00 
2.875	16.00 
2.828	16.00 
2.895	16.00 
3.922	18.00 
3.84	18.00 
3.862	18.00 
3.225	16.00 
4.102	18.00 
4.197	18.00 
3.652	18.00 
3.847	18.00 
4.365	18.00 
4.266	18.00 
3.769	18.00 
3.494	16.00 
3.115	16.00 
2.888	16.00 
2.316	14.00 
1.92	14.00 
1.041	12.00 
0.955	12.00 
0.693	12.00 
0.584	12.00 
0.516	12.00 
0.745	12.00 
0.755	12.00 
0.735	12.00 
0.763	12.00 
0.795	12.00 
0.551	12.00 
0.662	12.00 
0.574	12.00 
0.692	12.00 
1.242	12.00 
1.264	12.00 
1.458	12.00 
1.292	12.00 
1.563	14.00 
1.522	14.00 
1.219	12.00 
1.191	12.00 
0.791	12.00 
0.506	12.00 
0.593	12.00 
1.782	14.00 
1.848	14.00 
2.146	14.00 
2.031	14.00 
2.154	14.00 
2.253	14.00 
2.361	14.00 
2.873	16.00 
3.005	16.00 
2.635	16.00 
3.345	16.00 
3.397	16.00 
3.74	18.00 
3.832	18.00 
3.476	16.00 
3.338	16.00 
3.412	16.00 
3.502	18.00 
3.559	18.00 
4.01	18.00 
3.736	18.00 
3.7	18.00 
3.714	18.00 
3.743	18.00 
3.994	18.00 
3.844	18.00 
4.177	18.00 
5.076	20.00 
5.156	20.00 
5.302	20.00 
5.221	20.00 
5.053	20.00 
5.5	22.00 
5.74	22.00 
6.043	22.00 
5.877	22.00 
5.691	22.00 
5.035	20.00 
5.466	20.00 
5.994	22.00 
6.179	22.00 
5.608	22.00 
5.685	22.00 
5.066	20.00 
4.486	18.00 
4.106	18.00 
4.08	18.00 
4.506	20.00 
4.405	18.00 
4.442	18.00 
4.994	20.00 
3.981	18.00 
4.257	18.00 
4.188	18.00 
4.236	18.00 
4.171	18.00 
3.973	18.00 
4.394	18.00 
4.083	18.00 
4.013	18.00 
4.031	18.00 
3.921	18.00 
4.258	18.00 
3.995	18.00 
4.001	18.00 
3.734	18.00 
3.744	18.00 
3.716	18.00 
3.949	18.00 
4.181	18.00 
4.115	18.00 
4.123	18.00 
4.137	18.00 
4.162	18.00 
4.045	18.00 
3.816	18.00 
3.912	18.00 
3.72	18.00 
3.664	18.00 
3.955	18.00 
3.716	18.00 
3.156	16.00 
2.573	16.00 
2.49	14.00 
2.605	16.00 
3.008	16.00 
3.096	16.00 
2.382	14.00 
1.941	14.00 
1.824	14.00 
1.497	12.00 
2.015	14.00 
2.586	16.00 
2.454	14.00 
1.949	14.00 
1.958	14.00 
1.766	14.00 
2.075	14.00 
2.235	14.00 
2.322	14.00 
2.575	16.00 
2.2	14.00 
2.185	14.00 
1.999	14.00 
1.374	12.00 
1.674	14.00 
1.503	14.00 
1.711	14.00 
1.703	14.00 
0.873	12.00 
1	12.00 
1.912	14.00 
0.959	12.00 
2.659	16.00 
3.421	16.00 
3.338	16.00 
2.487	14.00 
2.59	16.00 
2.574	16.00 
2.574	16.00 
0.978	12.00 
1.112	12.00 
1.161	12.00 
0.929	12.00 
1.377	12.00 
1.727	14.00 
1.663	14.00 
1.635	14.00 
1.652	14.00 
1.723	14.00 
1.759	14.00 
1.272	12.00 
0.51	12.00 
1.228	12.00 
1.081	12.00 
1.706	14.00 
2.37	14.00 
2.488	14.00 
2.455	14.00 
2.238	14.00 
1.921	14.00 
1.459	12.00 
0.553	12.00 
0.521	12.00 
0.679	12.00 
1.198	12.00 
0.927	12.00 
0.523	12.00 
0.859	12.00 
0.554	12.00 
0.62	12.00 
1.343	12.00 
0.951	12.00 
0.529	12.00 
1.122	12.00 
1.454	12.00 
1.657	14.00 
1.584	14.00 
1.476	12.00 
1.5	14.00 
2.579	16.00 
2.449	14.00 
2.848	16.00 
2.509	16.00 
2.039	14.00 
2.413	14.00 
2.719	16.00 
3.176	16.00 
2.249	14.00 
2.205	14.00 
2.881	16.00 
2.399	14.00 
2.045	14.00 
2.248	14.00 
1.671	14.00 
1.531	14.00 
0.609	12.00 
0.627	12.00 
2.02	14.00 
2.036	14.00 
1.87	14.00 
2.939	16.00 
3.722	18.00 
3.829	18.00 
3.771	18.00 
3.059	16.00 
3.201	16.00 
2.806	16.00 
3.554	18.00 
3.532	18.00 
3.576	18.00 
3.486	16.00 
3.545	18.00 
3.543	18.00 
3.475	16.00 
3.567	18.00 
4.103	18.00 
3.837	18.00 
3.442	16.00 
4.863	20.00 
4.495	18.00 
4.475	18.00 
5.497	20.00 
5.538	22.00 
5.887	22.00 
6.184	22.00 
5.753	22.00 
4.838	20.00 
4.985	20.00 
5.654	22.00 
5.847	22.00 
5.745	22.00 
5.736	22.00 
6.352	22.00 
6.589	24.00 
6.22	22.00 
6.34	22.00 
6.541	24.00 
6.859	24.00 
7.205	24.00 
7.041	24.00 
6.367	22.00 
6.405	22.00 
5.84	22.00 
6.322	22.00 
6.068	22.00 
6.078	22.00 
6.501	24.00 
6.529	24.00 
6.616	24.00 
6.634	24.00 
6.266	22.00 
6.083	22.00 
6.382	22.00 
6.479	22.00 
6.751	24.00 
6.704	24.00 
6.639	24.00 
6.81	24.00 
7.257	24.00 
7.087	24.00 
8.181	26.00 
8.038	26.00 
8.201	26.00 
8.225	26.00 
8.345	26.00 
8.345	26.00 
8.608	28.00 
8.762	28.00 
8.36	26.00 
8.42	26.00 
8.942	28.00 
9.314	28.00 
9.941	30.00 
9.803	30.00 
9.414	28.00 
9.365	28.00 
9.713	30.00 
9.799	30.00 
9.473	28.00 
9.595	30.00 
8.822	28.00 
8.962	28.00 
8.95	28.00 
9.152	28.00 
8.928	28.00 
8.899	28.00 
8.738	28.00 
9.325	28.00 
9.649	30.00 
9.299	28.00 
9.175	28.00 
8.459	26.00 
8.794	28.00 
8.325	26.00 
8.362	26.00 
8.164	26.00 
8.361	26.00 
8.317	26.00 
8.865	28.00 
8.721	28.00 
8.676	28.00 
8.634	28.00 
7.4	24.00 
7.258	24.00 
7.26	24.00 
7.99	26.00 
7.403	24.00 
7.233	24.00 
7.424	24.00 
7.566	26.00 
7.234	24.00 
7.5	26.00 
8.013	26.00 
7.838	26.00 
7.95	26.00 
7.642	26.00 
7.443	24.00 
7.293	24.00 
7.183	24.00 
7.13	24.00 
6.988	24.00 
6.515	24.00 
6.681	24.00 
6.593	24.00 
7.034	24.00 
6.859	24.00 
6.176	22.00 
6.013	22.00 
5.841	22.00 
5.834	22.00 
5.683	22.00 
5.733	22.00 
5.249	20.00 
5.272	20.00 
4.863	20.00 
4.941	20.00 
5.126	20.00 
5.381	20.00 
5.471	20.00 
5.5	22.00 
4.275	18.00 
4.574	20.00 
4.875	20.00 
4.692	20.00 
4.513	20.00 
4.366	18.00 
4.314	18.00 
4.363	18.00 
4.655	20.00 
4.355	18.00 
4.546	20.00 
4.606	20.00 
4.633	20.00 
4.189	18.00 
3.569	18.00 
3.892	18.00 
4.023	18.00 
4.523	20.00 
4.155	18.00 
4.256	18.00 
3.818	18.00 
4.479	18.00 
4.031	18.00 
3.944	18.00 
3.948	18.00 
4.582	20.00 
4.33	18.00 
4.15	18.00 
4.321	18.00 
3.352	16.00 
3.029	16.00 
3.291	16.00 
3.05	16.00 
2.972	16.00 
3.208	16.00 
3.774	18.00 
4.035	18.00 
4.24	18.00 
3.936	18.00 
3.299	16.00 
3.059	16.00 
3.078	16.00 
3.115	16.00 
2.905	16.00 
3.076	16.00 
3.101	16.00 
3.225	16.00 
2.959	16.00 
2.424	14.00 
2.707	16.00 
2.407	14.00 
2.197	14.00 
3.072	16.00 
3.281	16.00 
3.73	18.00 
3.747	18.00 
2.938	16.00 
3.098	16.00 
2.808	16.00 
2.25	14.00 
2.338	14.00 
1.663	14.00 
1.926	14.00 
2.102	14.00 
2.109	14.00 
2.014	14.00 
2.416	14.00 
2.088	14.00 
3.134	16.00 
3.625	18.00 
4.416	18.00 
4.183	18.00 
4.429	18.00 
5.086	20.00 
4.926	20.00 
4.784	20.00 
5.343	20.00 
5.297	20.00 
5.605	22.00 
4.953	20.00 
4.462	18.00 
4.42	18.00 
4.686	20.00 
4.907	20.00 
4.253	18.00 
4.206	18.00 
4.47	18.00 
4.329	18.00 
4.859	20.00 
3.785	18.00 
3.973	18.00 
3.866	18.00 
3.551	18.00 
2.552	16.00 
1.804	14.00 
1.661	14.00 
1.664	14.00 
2.025	14.00 
2.339	14.00 
2.084	14.00 
2.853	16.00 
2.174	14.00 
2.076	14.00 
2.23	14.00 
2.469	14.00 
2.537	16.00 
3.355	16.00 
3.442	16.00 
3.345	16.00 
2.771	16.00 
2.692	16.00 
2.87	16.00 
1.803	14.00 
1.405	12.00 
1.854	14.00 
2.355	14.00 
2.916	16.00 
2.762	16.00 
2.999	16.00 
2.522	16.00 
2.91	16.00 
3.729	18.00 
3.586	18.00 
3.8	18.00 
3.67	18.00 
3.745	18.00 
4.159	18.00 
4.03	18.00 
4.319	18.00 
4.608	20.00 
4.693	20.00 
4.537	20.00 
4.578	20.00 
4.497	18.00 
4.396	18.00 
4.787	20.00 
4.569	20.00 
4.896	20.00 
5.19	20.00 
5.13	20.00 
3.519	18.00 
3.748	18.00 
4.358	18.00 
3.659	18.00 
3.64	18.00 
3.593	18.00 
3.05	16.00 
2.705	16.00 
2.858	16.00 
3.058	16.00 
3.375	16.00 
3.09	16.00 
3	16.00 
2.941	16.00 
3.134	16.00 
2.275	14.00 
2.182	14.00 
2.334	14.00 
2.433	14.00 
2.552	16.00 
2.301	14.00 
2.219	14.00 
2.161	14.00 
1.691	14.00 
1.822	14.00 
1.155	12.00 
2.524	16.00 
2.028	14.00 
2.582	16.00 
2.703	16.00 
2.897	16.00 
3.008	16.00 
3.066	16.00 
3.221	16.00 
3.95	18.00 
4.106	18.00 
3.91	18.00 
4.868	20.00 
4.561	20.00 
4.549	20.00 
4.618	20.00 
4.744	20.00 
4.722	20.00 
4.792	20.00 
4.263	18.00 
4.069	18.00 
4.205	18.00 
3.88	18.00 
4.047	18.00 
4.657	20.00 
4.248	18.00 
4.215	18.00 
5.017	20.00 
4.931	20.00 
4.963	20.00 
4.815	20.00 
4.784	20.00 
4.994	20.00 
4.995	20.00 
4.406	18.00 
3.669	18.00 
3.756	18.00 
3.831	18.00 
3.756	18.00 
3.598	18.00 
2.821	16.00 
3.205	16.00 
3.319	16.00 
2.921	16.00 
2.933	16.00 
3.271	16.00 
3.611	18.00 
2.366	14.00 
2.622	16.00 
2.454	14.00 
2.541	16.00 
2.38	14.00 
1.775	14.00 
2.516	16.00 
2.519	16.00 
2.478	14.00 
3.574	18.00 
3.709	18.00 
3.503	18.00 
3.655	18.00 
3.53	18.00 
3.788	18.00 
3.882	18.00 
4.188	18.00 
5.201	20.00 
5.616	22.00 
5.789	22.00 
6.094	22.00 
5.712	22.00 
5.267	20.00 
4.929	20.00 
4.742	20.00 
4.524	20.00 
5.432	20.00 
5.382	20.00 
4.995	20.00 
5.139	20.00 
5.03	20.00 
5.229	20.00 
3.834	18.00 
3.624	18.00 
3.317	16.00 
3.241	16.00 
2.147	14.00 
1.844	14.00 
2.02	14.00 
1.987	14.00 
1.418	12.00 
1.307	12.00 
1.472	12.00 
1.211	12.00 
1.311	12.00 
1.655	14.00 
2.191	14.00 
2.134	14.00 
2.439	14.00 
1.852	14.00 
1.581	14.00 
1.344	12.00 
1.258	12.00 
1.083	12.00 
1.84	14.00 
1.821	14.00 
1.628	14.00 
1.769	14.00 
1.661	14.00 
1.604	14.00 
1.163	12.00 
1.274	12.00 
1.288	12.00 
2.317	14.00 
2.84	16.00 
2.396	14.00 
2.057	14.00 
2.154	14.00 
2.547	16.00 
2.691	16.00 
2.519	16.00 
2.527	16.00 
2.679	16.00 
2.745	16.00 
2.097	14.00 
2.105	14.00 
2.016	14.00 
2.242	14.00 
2.343	14.00 
1.922	14.00 
0.917	12.00 
0.725	12.00 
0.565	12.00 
0.604	12.00 
0.854	12.00 
1.046	12.00 
1.277	12.00 
2.369	14.00 
2.946	16.00 
3.074	16.00 
2.822	16.00 
2.797	16.00 
2.499	14.00 
2.417	14.00 
2.156	14.00 
1.987	14.00 
2.441	14.00 
1.931	14.00 
2.398	14.00 
2.407	14.00 
2.308	14.00 
2.772	16.00 
2.878	16.00 
2.417	14.00 
2.314	14.00 
2.148	14.00 
2.402	14.00 
2.606	16.00 
2.14	14.00 
2.041	14.00 
2.274	14.00 
2.995	16.00 
2.637	16.00 
2.921	16.00 
2.666	16.00 
2.648	16.00 
3.062	16.00 
3.152	16.00 
3.926	18.00 
4.001	18.00 
4.052	18.00 
3.919	18.00 
3.132	16.00 
3.619	18.00 
3.885	18.00 
3.877	18.00 
4.088	18.00 
4.093	18.00 
4.497	18.00 
4.122	18.00 
4.436	18.00 
4.424	18.00 
4.525	20.00 
4.598	20.00 
4.969	20.00 
3.993	18.00 
3.929	18.00 
3.99	18.00 
3.475	16.00 
3.845	18.00 
3.788	18.00 
2.069	14.00 
1.753	14.00 
2.44	14.00 
1.446	12.00 
1.33	12.00 
1.524	14.00 
1.633	14.00 
2.185	14.00 
1.736	14.00 
1.138	12.00 
1.411	12.00 
1.344	12.00 
0.644	12.00 
0.661	12.00 
0.669	12.00 
0.727	12.00 
1.222	12.00 
0.644	12.00 
0.706	12.00 
0.556	12.00 
0.663	12.00 
0.507	12.00 
0.703	12.00 
1.241	12.00 
0.917	12.00 
1.479	12.00 
1.33	12.00 
1.931	14.00 
1.725	14.00 
1.682	14.00 
1.942	14.00 
2.047	14.00 
1.718	14.00 
1.984	14.00 
1.44	12.00 
1.093	12.00 
0.847	12.00 
0.852	12.00 
0.938	12.00 
1.344	12.00 
1.164	12.00 
0.704	12.00 
0.557	12.00 
1.02	12.00 
0.875	12.00 
1.037	12.00 
1.545	14.00 
1.392	12.00 
0.822	12.00 
0.62	12.00 
1.006	12.00 
1.076	12.00 
1.289	12.00 
1.093	12.00 
1.216	12.00 
1.418	12.00 
1.429	12.00 
1.366	12.00 
1.337	12.00 
1.529	14.00 
1.668	14.00 
1.664	14.00 
1.062	12.00 
0.976	12.00 
0.9	12.00 
1.058	12.00 
0.909	12.00 
0.606	12.00 
0.536	12.00 
0.571	12.00 
0.566	12.00 
0.605	12.00 
0.582	12.00 
0.657	12.00 
0.752	12.00 
0.917	12.00 
0.988	12.00 
1.019	12.00 
0.633	12.00 
0.63	12.00 
0.742	12.00 
0.542	12.00 
0.545	12.00 
0.52	12.00 
0.885	12.00 
1.082	12.00 
1.388	12.00 
1.307	12.00 
1.39	12.00 
1.325	12.00 
1.667	14.00 
1.63	14.00 
2.175	14.00 
2.774	16.00 
2.422	14.00 
2.66	16.00 
1.869	14.00 
1.819	14.00 
1.826	14.00 
1.734	14.00 
1.896	14.00 
1.865	14.00 
1.828	14.00 
1.719	14.00 
1.586	14.00 
1.928	14.00 
2.36	14.00 
2.786	16.00 
3.36	16.00 
3.367	16.00 
3.367	16.00 
3.446	16.00 
3.567	18.00 
3.388	16.00 
3.258	16.00 
3.321	16.00 
3.39	16.00 
3.19	16.00 
2.957	16.00 
3.015	16.00 
3.285	16.00 
3.758	18.00 
3.912	18.00 
3.929	18.00 
3.927	18.00 
3.947	18.00 
4.201	18.00 
4.027	18.00 
3.848	18.00 
3.978	18.00 
4.17	18.00 
4.841	20.00 
4.882	20.00 
4.591	20.00 
3.887	18.00 
3.604	18.00 
3.878	18.00 
3.872	18.00 
4.262	18.00 
4.375	18.00 
4.392	18.00 
4.3	18.00 
4.265	18.00 
4.274	18.00 
4.308	18.00 
4.603	20.00 
4.355	18.00 
3.498	16.00 
3.538	18.00 
3.44	16.00 
3.369	16.00 
3.907	18.00 
3.581	18.00 
3.534	18.00 
3.957	18.00 
4.654	20.00 
4.591	20.00 
4.552	20.00 
4.228	18.00 
3.906	18.00 
4.247	18.00 
4.176	18.00 
4.137	18.00 
3.669	18.00 
3.84	18.00 
3.759	18.00 
3.9	18.00 
3.719	18.00 
3.801	18.00 
3.676	18.00 
3.571	18.00 
3.851	18.00 
3.737	18.00 
3.563	18.00 
3.546	18.00 
3.716	18.00 
3.633	18.00 
3.685	18.00 
2.825	16.00 
2.787	16.00 
2.692	16.00 
2.481	14.00 
2.466	14.00 
2.329	14.00 
2.255	14.00 
1.976	14.00 
1.903	14.00 
1.994	14.00 
1.99	14.00 
1.936	14.00 
1.927	14.00 
2.144	14.00 
2.231	14.00 
2.229	14.00 
2.304	14.00 
2.506	16.00 
2.889	16.00 
2.742	16.00 
2.902	16.00 
2.748	16.00 
2.938	16.00 
2.712	16.00 
2.521	16.00 
2.427	14.00 
2.803	16.00 
2.861	16.00 
2.825	16.00 
2.559	16.00 
2.868	16.00 
2.56	16.00 
2.564	16.00 
2.815	16.00 
2.9	16.00 
3.176	16.00 
2.975	16.00 
2.748	16.00 
2.934	16.00 
2.971	16.00 
2.333	14.00 
2.038	14.00 
1.958	14.00 
1.883	14.00 
1.998	14.00 
1.949	14.00 
1.987	14.00 
1.212	12.00 
2.034	14.00 
2.985	16.00 
3.194	16.00 
3.159	16.00 
2.762	16.00 
2.946	16.00 
3.23	16.00 
3.06	16.00 
3.538	18.00 
3.22	16.00 
3.382	16.00 
3.392	16.00 
3.381	16.00 
3.483	16.00 
4.068	18.00 
3.928	18.00 
3.066	16.00 
3.155	16.00 
3.014	16.00 
2.847	16.00 
2.818	16.00 
3.455	16.00 
3.363	16.00 
3.324	16.00 
3.189	16.00 
3.153	16.00 
2.911	16.00 
2.619	16.00 
2.378	14.00 
2.763	16.00 
2.968	16.00 
2.853	16.00 
2.766	16.00 
2.83	16.00 
2.734	16.00 
2.446	14.00 
1.742	14.00 
1.777	14.00 
1.34	12.00 
1.453	12.00 
1.551	14.00 
1.549	14.00 
0.927	12.00 
1.118	12.00 
1.291	12.00 
1.312	12.00 
1.606	14.00 
1.876	14.00 
1.834	14.00 
1.475	12.00 
2.098	14.00 
1.59	14.00 
1.77	14.00 
1.657	14.00 
1.303	12.00 
1.067	12.00 
1.25	12.00 
1.838	14.00 
3.203	16.00 
2.916	16.00 
3.182	16.00 
3.166	16.00 
2.789	16.00 
3.603	18.00 
4.284	18.00 
4.279	18.00 
4.201	18.00 
4.315	18.00 
4.289	18.00 
4.329	18.00 
4.635	20.00 
4.688	20.00 
4.747	20.00 
4.601	20.00 
4.795	20.00 
5.05	20.00 
4.654	20.00 
4.523	20.00 
4.486	18.00 
4.808	20.00 
4.823	20.00 
5.206	20.00 
5.441	20.00 
5.487	20.00 
5.432	20.00 
5.391	20.00 
5.464	20.00 
5.603	22.00 
5.721	22.00 
5.858	22.00 
5.693	22.00 
5.762	22.00 
4.715	20.00 
4.618	20.00 
4.547	20.00 
4.595	20.00 
4.613	20.00 
4.914	20.00 
5.244	20.00 
5.13	20.00 
5.089	20.00 
4.759	20.00 
5.139	20.00 
5.194	20.00 
5.199	20.00 
4.854	20.00 
4.454	18.00 
3.911	18.00 
4.183	18.00 
4.397	18.00 
4.425	18.00 
4.104	18.00 
3.801	18.00 
4.058	18.00 
3.981	18.00 
3.973	18.00 
3.77	18.00 
3.841	18.00 
3.824	18.00 
3.77	18.00 
3.972	18.00 
3.856	18.00 
3.911	18.00 
3.887	18.00 
3.817	18.00 
3.443	16.00 
3.332	16.00 
3.252	16.00 
3.057	16.00 
3.081	16.00 
3.076	16.00 
2.906	16.00 
2.963	16.00 
2.899	16.00 
3.025	16.00 
3.102	16.00 
3.118	16.00 
3.054	16.00 
2.992	16.00 
3.152	16.00 
3.281	16.00 
3.255	16.00 
2.552	16.00 
2.513	16.00 
2.09	14.00 
1.939	14.00 
1.627	14.00 
1.808	14.00 
2.252	14.00 
2.381	14.00 
2.616	16.00 
2.596	16.00 
2.6	16.00 
2.466	14.00 
3.001	16.00 
2.872	16.00 
2.7	16.00 
2.969	16.00 
2.762	16.00 
3.455	16.00 
3.549	18.00 
3.772	18.00 
3.623	18.00 
3.707	18.00 
3.653	18.00 
2.819	16.00 
2.874	16.00 
2.891	16.00 
2.877	16.00 
2.904	16.00 
2.515	16.00 
2.319	14.00 
2.152	14.00 
2.15	14.00 
2.955	16.00 
3.112	16.00 
2.885	16.00 
2.791	16.00 
3.021	16.00 
2.99	16.00 
3.767	18.00 
3.766	18.00 
3.589	18.00 
3.362	16.00 
3.008	16.00 
2.976	16.00 
3.19	16.00 
3.339	16.00 
2.619	16.00 
2.282	14.00 
2.494	14.00 
2.647	16.00 
2.891	16.00 
2.85	16.00 
2.655	16.00 
2.693	16.00 
3.025	16.00 
3.377	16.00 
4.221	18.00 
3.763	18.00 
4.45	18.00 
4.432	18.00 
5.175	20.00 
5.275	20.00 
4.971	20.00 
5.104	20.00 
5.219	20.00 
5.009	20.00 
5.079	20.00 
5.059	20.00 
5.238	20.00 
5.397	20.00 
5.473	20.00 
5.478	20.00 
5.461	20.00 
5.213	20.00 
5.063	20.00 
5.233	20.00 
5.476	20.00 
5.135	20.00 
4.779	20.00 
4.556	20.00 
4.539	20.00 
4.499	18.00 
4.762	20.00 
4.603	20.00 
4.152	18.00 
4.214	18.00 
4.167	18.00 
4.041	18.00 
4.199	18.00 
4.157	18.00 
2.841	16.00 
3.081	16.00 
2.771	16.00 
2.484	14.00 
2.486	14.00 
2.796	16.00 
2.591	16.00 
2.791	16.00 
2.65	16.00 
2.362	14.00 
2.485	14.00 
2.412	14.00 
2.596	16.00 
2.622	16.00 
2.441	14.00 
2.397	14.00 
2.296	14.00 
2.381	14.00 
2.147	14.00 
2.383	14.00 
2.556	16.00 
2.339	14.00 
3.178	16.00 
2.981	16.00 
2.99	16.00 
2.978	16.00 
3.3	16.00 
3.454	16.00 
3.797	18.00 
4.088	18.00 
4.075	18.00 
4.279	18.00 
4.1	18.00 
3.991	18.00 
4.198	18.00 
4.993	20.00 
5.22	20.00 
5.469	20.00 
5.383	20.00 
5.295	20.00 
5.262	20.00 
5.381	20.00 
5.313	20.00 
5.338	20.00 
5.632	22.00 
5.822	22.00 
5.906	22.00 
5.704	22.00 
6.053	22.00 
6.44	22.00 
6.536	24.00 
6.898	24.00 
6.929	24.00 
7.109	24.00 
6.999	24.00 
7.058	24.00 
7.483	24.00 
6.963	24.00 
7.062	24.00 
7.021	24.00 
6.86	24.00 
6.464	22.00 
5.634	22.00 
5.515	22.00 
4.978	20.00 
4.976	20.00 
4.894	20.00 
4.672	20.00 
4.674	20.00 
4.884	20.00 
4.706	20.00 
4.725	20.00 
4.448	18.00 
4.756	20.00 
5.057	20.00 
4.414	18.00 
4.522	20.00 
4.118	18.00 
4.288	18.00 
4.682	20.00 
4.556	20.00 
4.833	20.00 
4.664	20.00 
4.694	20.00 
5.509	22.00 
5.509	22.00 
5.722	22.00 
5.733	22.00 
5.539	22.00 
5.326	20.00 
5.24	20.00 
5.213	20.00 
5.188	20.00 
5.957	22.00 
5.836	22.00 
5.815	22.00 
6.021	22.00 
6.126	22.00 
6.343	22.00 
6.56	24.00 
6.469	22.00 
6.378	22.00 
5.853	22.00 
5.56	22.00 
5.281	20.00 
5.41	20.00 
5.61	22.00 
5.759	22.00 
5.554	22.00 
5.397	20.00 
5.542	22.00 
5.33	20.00 
5.392	20.00 
5.225	20.00 
5.222	20.00 
5.206	20.00 
5.253	20.00 
5.331	20.00 
5.218	20.00 
5.56	22.00 
6.19	22.00 
6.402	22.00 
6.471	22.00 
5.718	22.00 
5.616	22.00 
5.714	22.00 
5.473	20.00 
5.35	20.00 
4.933	20.00 
4.916	20.00 
4.678	20.00 
4.895	20.00 
5.269	20.00 
5.968	22.00 
6.152	22.00 
6.145	22.00 
6.101	22.00 
6.407	22.00 
6.558	24.00 
6.685	24.00 
6.803	24.00 
6.738	24.00 
6.637	24.00 
6.793	24.00 
6.248	22.00 
6.199	22.00 
5.694	22.00 
6.056	22.00 
6.046	22.00 
6.122	22.00 
6.06	22.00 
5.988	22.00 
5.6	22.00 
5.792	22.00 
5.9	22.00 
6.047	22.00 
5.773	22.00 
5.411	20.00 
5.292	20.00 
4.977	20.00 
4.384	18.00 
4.493	18.00 
4.443	18.00 
4.094	18.00 
4.036	18.00 
4.042	18.00 
4.076	18.00 
3.638	18.00 
3.074	16.00 
2.652	16.00 
2.925	16.00 
2.737	16.00 
2.728	16.00 
2.913	16.00 
2.825	16.00 
2.759	16.00 
2.779	16.00 
3.72	18.00 
3.566	18.00 
3.309	16.00 
3.351	16.00 
3.281	16.00 
3.162	16.00 
3.323	16.00 
3.656	18.00 
2.152	14.00 
2.025	14.00 
1.781	14.00 
1.622	14.00 
1.543	14.00 
1.257	12.00 
0.742	12.00 
0.597	12.00 
0.569	12.00 
0.675	12.00 
0.757	12.00 
0.944	12.00 
0.528	12.00 
1.042	12.00 
1.287	12.00 
1.375	12.00 
2.529	16.00 
2.874	16.00 
2.859	16.00 
2.808	16.00 
3.076	16.00 
2.936	16.00 
2.78	16.00 
2.556	16.00 
2.788	16.00 
2.837	16.00 
2.839	16.00 
2.814	16.00 
2.627	16.00 
2.509	16.00 
2.676	16.00 
2.606	16.00 
2.291	14.00 
2.395	14.00 
2.455	14.00 
2.411	14.00 
2.576	16.00 
2.581	16.00 
2.461	14.00 
2.413	14.00 
2.462	14.00 
2.429	14.00 
1.811	14.00 
1.815	14.00 
1.688	14.00 
1.589	14.00 
1.802	14.00 
1.742	14.00 
2.48	14.00 
2.436	14.00 
2.454	14.00 
2.063	14.00 
2.147	14.00 
2.292	14.00 
2.478	14.00 
2.477	14.00 
2.429	14.00 
2.412	14.00 
2.397	14.00 
2.465	14.00 
2.347	14.00 
3.277	16.00 
3.296	16.00 
3.265	16.00 
3.36	16.00 
3.407	16.00 
1.622	14.00 
1.201	12.00 
1.809	14.00 
2.794	16.00 
2.934	16.00 
3.029	16.00 
3.034	16.00 
2.84	16.00 
2.16	14.00 
3.084	16.00 
2.669	16.00 
2.737	16.00 
2.931	16.00 
2.6	16.00 
2.412	14.00 
2.163	14.00 
2.853	16.00 
3.315	16.00 
3.109	16.00 
3.39	16.00 
3.017	16.00 
3.043	16.00 
3.111	16.00 
2.576	16.00 
2.657	16.00 
2.887	16.00 
2.919	16.00 
2.962	16.00 
2.924	16.00 
3.679	18.00 
3.719	18.00 
3.584	18.00 
3.925	18.00 
4.177	18.00 
3.167	16.00 
3.144	16.00 
3.344	16.00 
3.313	16.00 
3.37	16.00 
3.287	16.00 
3.41	16.00 
3.218	16.00 
2.991	16.00 
2.913	16.00 
2.579	16.00 
2.296	14.00 
1.777	14.00 
1.678	14.00 
1.627	14.00 
1.961	14.00 
1.987	14.00 
2.006	14.00 
3.089	16.00 
3.514	18.00 
3.543	18.00 
3.487	16.00 
2.525	16.00 
2.728	16.00 
2.649	16.00 
2.875	16.00 
2.785	16.00 
2.249	14.00 
2.832	16.00 
2.653	16.00 
2.567	16.00 
2.177	14.00 
2.544	16.00 
2.566	16.00 
2.78	16.00 
2.605	16.00 
2.602	16.00 
2.583	16.00 
2.623	16.00 
2.748	16.00 
2.839	16.00 
2.685	16.00 
2.514	16.00 
3.525	18.00 
3.206	16.00 
3.626	18.00 
3.806	18.00 
4.441	18.00 
4.748	20.00 
4.053	18.00 
4.22	18.00 
4.432	18.00 
4.647	20.00 
5.006	20.00 
5.042	20.00 
5.183	20.00 
5.104	20.00 
4.765	20.00 
4.926	20.00 
4.925	20.00 
4.734	20.00 
4.691	20.00 
4.794	20.00 
5.146	20.00 
4.928	20.00 
4.877	20.00 
4.993	20.00 
4.978	20.00 
5.486	20.00 
5.122	20.00 
4.841	20.00 
4.815	20.00 
4.328	18.00 
4.787	20.00 
4.076	18.00 
4.046	18.00 
4.046	18.00 
3.491	16.00 
3.378	16.00 
3.377	16.00 
3.575	18.00 
3.944	18.00 
3.833	18.00 
3.855	18.00 
3.34	16.00 
3.314	16.00 
3.826	18.00 
3.98	18.00 
4.282	18.00 
4.258	18.00 
4.741	20.00 
4.706	20.00 
4.262	18.00 
4.175	18.00 
4.067	18.00 
4.645	20.00 
4.203	18.00 
4.337	18.00 
4.273	18.00 
4.106	18.00 
3.9	18.00 
4.094	18.00 
4.829	20.00 
4.822	20.00 
4.979	20.00 
4.781	20.00 
4.64	20.00 
4.597	20.00 
4.8	20.00 
5.157	20.00 
4.987	20.00 
5.578	22.00 
5.601	22.00 
5.494	20.00 
5.061	20.00 
5.089	20.00 
5.002	20.00 
4.694	20.00 
4.337	18.00 
3.92	18.00 
4.264	18.00 
4.587	20.00 
4.369	18.00 
4.11	18.00 
4.029	18.00 
4.123	18.00 
4.166	18.00 
3.402	16.00 
3.13	16.00 
2.878	16.00 
2.3	14.00 
2.262	14.00 
1.722	14.00 
2.51	16.00 
2.353	14.00 
1.823	14.00 
2.186	14.00 
2.277	14.00 
2.38	14.00 
2.705	16.00 
3.574	18.00 
3.458	16.00 
3.586	18.00 
3.438	16.00 
3.247	16.00 
3.019	16.00 
2.947	16.00 
2.741	16.00 
2.831	16.00 
2.802	16.00 
3.856	18.00 
2.424	14.00 
2.204	14.00 
1.977	14.00 
1.707	14.00 
1.67	14.00 
1.668	14.00 
2.042	14.00 
2.273	14.00 
2.347	14.00 
2.362	14.00 
2.292	14.00 
3.013	16.00 
2.374	14.00 
2.58	16.00 
2.939	16.00 
3.573	18.00 
3.182	16.00 
2.2	14.00 
2.207	14.00 
2.076	14.00 
2.256	14.00 
2.322	14.00 
3.446	16.00 
3.442	16.00 
2.839	16.00 
2.015	14.00 
1.86	14.00 
2.177	14.00 
2.872	16.00 
1.995	14.00 
2.003	14.00 
2.186	14.00 
2.203	14.00 
2.667	16.00 
2.237	14.00 
2.153	14.00 
1.855	14.00 
2.554	16.00 
2.606	16.00 
2.512	16.00 
2.205	14.00 
1.671	14.00 
1.861	14.00 
1.9	14.00 
1.975	14.00 
1.875	14.00 
1.84	14.00 
1.154	12.00 
0.756	12.00 
0.588	12.00 
0.544	12.00 
0.784	12.00 
0.547	12.00 
0.589	12.00 
0.716	12.00 
0.949	12.00 
2.091	14.00 
1.917	14.00 
1.894	14.00 
2.084	14.00 
2.057	14.00 
1.838	14.00 
2.191	14.00 
2.873	16.00 
2.656	16.00 
2.637	16.00 
2.046	14.00 
1.933	14.00 
2.317	14.00 
2.355	14.00 
2.236	14.00 
2.412	14.00 
2.272	14.00 
1.958	14.00 
2.213	14.00 
2.811	16.00 
3.075	16.00 
3.024	16.00 
3.184	16.00 
2.877	16.00 
3.153	16.00 
2.948	16.00 
2.902	16.00 
2.852	16.00 
2.941	16.00 
2.365	14.00 
2.84	16.00 
2.897	16.00 
2.108	14.00 
2.098	14.00 
2.317	14.00 
2.341	14.00 
2.216	14.00 
2.021	14.00 
1.928	14.00 
1.99	14.00 
1.87	14.00 
1.606	14.00 
1.513	14.00 
1.53	14.00 
1.587	14.00 
1.595	14.00 
0.884	12.00 
1.373	12.00 
1.551	14.00 
1.53	14.00 
1.378	12.00 
1.191	12.00 
1.392	12.00 
0.925	12.00 
0.65	12.00 
1.133	12.00 
0.743	12.00 
1.206	12.00 
1.115	12.00 
1.238	12.00 
1.965	14.00 
1.664	14.00 
0.926	12.00 
0.997	12.00 
0.913	12.00 
0.966	12.00 
1.26	12.00 
1.409	12.00 
2.244	14.00 
1.7	14.00 
0.752	12.00 
0.645	12.00 
1.352	12.00 
1.174	12.00 
1.301	12.00 
1.196	12.00 
1.515	14.00 
1.547	14.00 
1.729	14.00 
1.244	12.00 
1.154	12.00 
1.044	12.00 
1.697	14.00 
2.358	14.00 
2.412	14.00 
2.248	14.00 
2.31	14.00 
2.112	14.00 
1.847	14.00 
2.442	14.00 
2.095	14.00 
2.243	14.00 
2.319	14.00 
3.084	16.00 
2.396	14.00 
2.125	14.00 
2.282	14.00 
1.825	14.00 
1.19	12.00 
1.319	12.00 
0.918	12.00 
0.891	12.00 
0.536	12.00 
1.006	12.00 
1.27	12.00 
1.389	12.00 
1.267	12.00 
1.579	14.00 
1.426	12.00 
0.53	12.00 
0.502	12.00 
1.399	12.00 
1.488	12.00 
1.084	12.00 
0.977	12.00 
1.046	12.00 
0.806	12.00 
0.594	12.00 
1.182	12.00 
1.559	14.00 
1.608	14.00 
1.329	12.00 
2.329	14.00 
2.711	16.00 
3.149	16.00 
2.456	14.00 
2.575	16.00 
2.642	16.00 
2.292	14.00 
2.5	16.00 
2.235	14.00 
2.124	14.00 
1.257	12.00 
1.243	12.00 
0.612	12.00 
0.691	12.00 
1.296	12.00 
1.184	12.00 
1.103	12.00 
1.183	12.00 
1.315	12.00 
1.392	12.00 
1.076	12.00 
1.587	14.00 
1.237	12.00 
1.047	12.00 
1.368	12.00 
1.076	12.00 
1.059	12.00 
1.875	14.00 
1.796	14.00 
1.869	14.00 
1.681	14.00 
2.307	14.00 
1.935	14.00 
1.596	14.00 
2.162	14.00 
2.056	14.00 
1.911	14.00 
1.925	14.00 
1.618	14.00 
1.218	12.00 
1.017	12.00 
1.115	12.00 
1.725	14.00 
2.006	14.00 
1.244	12.00 
2.516	16.00 
2.419	14.00 
2.313	14.00 
2.458	14.00 
3.498	16.00 
2.922	16.00 
3.102	16.00 
3.826	18.00 
4.457	18.00 
3.167	16.00 
3.508	18.00 
3.729	18.00 
3.741	18.00 
4.487	18.00 
4.52	20.00 
4.025	18.00 
4.063	18.00 
2.87	16.00 
2.715	16.00 
2.954	16.00 
3.103	16.00 
2.142	14.00 
2.693	16.00 
2.708	16.00 
2.941	16.00 
2.596	16.00 
2.22	14.00 
2.045	14.00 
2.053	14.00 
1.918	14.00 
2.323	14.00 
1.675	14.00 
1.793	14.00 
1.472	12.00 
1.12	12.00 
1.095	12.00 
1.2	12.00 
1.351	12.00 
1.384	12.00 
1.502	14.00 
1.694	14.00 
1.689	14.00 
1.537	14.00 
2.566	16.00 
1.85	14.00 
1.99	14.00 
2.623	16.00 
2.501	16.00 
2.455	14.00 
2.58	16.00 
2.634	16.00 
2.409	14.00 
2.521	16.00 
2.741	16.00 
3.006	16.00 
2.926	16.00 
3.328	16.00 
2.895	16.00 
3.11	16.00 
3.03	16.00 
3.231	16.00 
3.155	16.00 
2.947	16.00 
2.574	16.00 
2.022	14.00 
2.209	14.00 
2.181	14.00 
2.688	16.00 
2.655	16.00 
2.512	16.00 
2.272	14.00 
2.139	14.00 
2.235	14.00 
2.428	14.00 
3.013	16.00 
3.347	16.00 
3.203	16.00 
2.049	14.00 
1.846	14.00 
2.563	16.00 
1.841	14.00 
2.08	14.00 
3.039	16.00 
3.271	16.00 
3.144	16.00 
3.322	16.00 
3.113	16.00 
2.939	16.00 
3.375	16.00 
2.468	14.00 
2.461	14.00 
2.418	14.00 
2.637	16.00 
2.465	14.00 
1.635	14.00 
1.391	12.00 
1.144	12.00 
1.234	12.00 
1.148	12.00 
0.718	12.00 
0.63	12.00 
1.99	14.00 
1.887	14.00 
1.775	14.00 
1.624	14.00 
1.736	14.00 
0.632	12.00 
0.605	12.00 
1.309	12.00 
2.043	14.00 
2.096	14.00 
2.166	14.00 
2.331	14.00 
2.315	14.00 
2.451	14.00 
2.328	14.00 
1.547	14.00 
1.369	12.00 
1.863	14.00 
1.405	12.00 
1.472	12.00 
1.564	14.00 
1.693	14.00 
1.308	12.00 
1.369	12.00 
1.797	14.00 
1.477	12.00 
1.5	14.00 
1.69	14.00 
2.131	14.00 
0.845	12.00 
0.914	12.00 
1.03	12.00 
2.571	16.00 
2.535	16.00 
2.737	16.00 
3.211	16.00 
2.98	16.00 
3.206	16.00 
4.611	20.00 
4.645	20.00 
4.551	20.00 
4.049	18.00 
3.875	18.00 
4.106	18.00 
3.778	18.00 
3.685	18.00 
3.622	18.00 
3.608	18.00 
3.456	16.00 
3.472	16.00 
2.76	16.00 
3.345	16.00 
3.652	18.00 
3.664	18.00 
3.288	16.00 
3.5	18.00 
3.756	18.00 
3.571	18.00 
3.358	16.00 
3.082	16.00 
2.99	16.00 
2.296	14.00 
1.766	14.00 
1.856	14.00 
1.851	14.00 
1.821	14.00 
1.573	14.00 
1.556	14.00 
1.301	12.00 
2.171	14.00 
1.694	14.00 
2.125	14.00 
0.976	12.00 
0.994	12.00 
1.28	12.00 
1.36	12.00 
1.01	12.00 
0.742	12.00 
1.598	14.00 
1.101	12.00 
0.571	12.00 
0.834	12.00 
1.069	12.00 
1.128	12.00 
1.045	12.00 
1.056	12.00 
2.095	14.00 
2.711	16.00 
3.3	16.00 
2.346	14.00 
2.304	14.00 
1.933	14.00 
2.054	14.00 
1.963	14.00 
1.487	12.00 
1.617	14.00 
1.626	14.00 
0.947	12.00 
1.323	12.00 
1.522	14.00 
1.931	14.00 
1.807	14.00 
2.889	16.00 
2.532	16.00 
2.26	14.00 
2.532	16.00 
2.788	16.00 
2.392	14.00 
2.191	14.00 
2.667	16.00 
1.876	14.00 
1.971	14.00 
1.752	14.00 
1.787	14.00 
1.797	14.00 
1.081	12.00 
1.243	12.00 
1.517	14.00 
1.337	12.00 
2.148	14.00 
2.113	14.00 
2.008	14.00 
1.627	14.00 
2.573	16.00 
2.446	14.00 
1.647	14.00 
1.762	14.00 
1.456	12.00 
3.306	16.00 
3.052	16.00 
2.929	16.00 
3.692	18.00 
3.304	16.00 
4.784	20.00 
5.259	20.00 
5.218	20.00 
5.05	20.00 
5.061	20.00 
4.823	20.00 
4.914	20.00 
4.517	20.00 
4.545	20.00 
4.238	18.00 
4.648	20.00 
5.304	20.00 
5.714	22.00 
6.248	22.00 
5.943	22.00 
6.722	24.00 
6.951	24.00 
7.016	24.00 
7.162	24.00 
6.086	22.00 
5.451	20.00 
5.821	22.00 
5.771	22.00 
6.344	22.00 
6.596	24.00 
5.221	20.00 
5.517	22.00 
5.258	20.00 
4.201	18.00 
4.528	20.00 
4.418	18.00 
4.27	18.00 
3.7	18.00 
3.867	18.00 
4.521	20.00 
4.439	18.00 
4.448	18.00 
4.4	18.00 
4.326	18.00 
4.381	18.00 
3.584	18.00 
3.51	18.00 
3.546	18.00 
3.715	18.00 
4.221	18.00 
4.219	18.00 
3.727	18.00 
4.045	18.00 
4.506	20.00 
4.822	20.00 
4.854	20.00 
5.064	20.00 
5.527	22.00 
5.808	22.00 
4.97	20.00 
5.036	20.00 
4.987	20.00 
4.654	20.00 
4.528	20.00 
4.26	18.00 
5.083	20.00 
5.578	22.00 
5.279	20.00 
5.516	22.00 
5.247	20.00 
4.784	20.00 
4.984	20.00 
5.034	20.00 
6.36	22.00 
6.26	22.00 
6.132	22.00 
6.431	22.00 
5.189	20.00 
6.204	22.00 
6.416	22.00 
5.189	20.00 
4.892	20.00 
4.957	20.00 
5.006	20.00 
3.352	16.00 
2.829	16.00 
2.9	16.00 
2.76	16.00 
2.22	14.00 
2.244	14.00 
2.627	16.00 
2.626	16.00 
1.416	12.00 
2.091	14.00 
2.183	14.00 
1.976	14.00 
1.839	14.00 
1.644	14.00 
2.563	16.00 
2.023	14.00 
1.641	14.00 
1.676	14.00 
2.563	16.00 
2.792	16.00 
2.575	16.00 
2.057	14.00 
2.721	16.00 
2.624	16.00 
2.985	16.00 
3.229	16.00 
2.962	16.00 
4.682	20.00 
4.613	20.00 
5.24	20.00 
5.113	20.00 
5.159	20.00 
5.587	22.00 
5.672	22.00 
6.306	22.00 
6.579	24.00 
6.402	22.00 
5.817	22.00 
5.983	22.00 
6.182	22.00 
5.956	22.00 
6.184	22.00 
6.293	22.00 
5.56	22.00 
5.248	20.00 
5.407	20.00 
5.64	22.00 
5.602	22.00 
3.983	18.00 
4.002	18.00 
3.492	16.00 
3.179	16.00 
3.113	16.00 
2.979	16.00 
2.91	16.00 
3.272	16.00 
2.253	14.00 
1.853	14.00 
1.659	14.00 
1.939	14.00 
1.737	14.00 
1.598	14.00 
1.508	14.00 
1.435	12.00 
1.461	12.00 
0.909	12.00 
0.891	12.00 
0.744	12.00 
0.586	12.00 
0.613	12.00 
0.581	12.00 
1.383	12.00 
0.823	12.00 
2.042	14.00 
2.416	14.00 
2.356	14.00 
2.521	16.00 
2.42	14.00 
2.4	14.00 
2.38	14.00 
2.241	14.00 
2.341	14.00 
2.24	14.00 
2.209	14.00 
2.31	14.00 
1.797	14.00 
2.063	14.00 
2.057	14.00 
2.407	14.00 
2.542	16.00 
2.752	16.00 
2.579	16.00 
2.973	16.00 
3.231	16.00 
2.883	16.00 
2.83	16.00 
3.492	16.00 
3.435	16.00 
3.744	18.00 
4.194	18.00 
3.916	18.00 
3.895	18.00 
4.095	18.00 
4.192	18.00 
4.205	18.00 
4.163	18.00 
4.111	18.00 
4.16	18.00 
4.517	20.00 
4.698	20.00 
3.984	18.00 
4.139	18.00 
4.377	18.00 
4.442	18.00 
4.116	18.00 
4.366	18.00 
4.303	18.00 
4.581	20.00 
4.61	20.00 
4.35	18.00 
4.013	18.00 
3.831	18.00 
3.557	18.00 
4.53	20.00 
3.965	18.00 
3.472	16.00 
3.602	18.00 
3.707	18.00 
4.571	20.00 
4.676	20.00 
4.236	18.00 
4.066	18.00 
4.137	18.00 
4.175	18.00 
4.112	18.00 
4.296	18.00 
4.741	20.00 
4.664	20.00 
4.311	18.00 
4.223	18.00 
4.429	18.00 
4.241	18.00 
4.176	18.00 
4.192	18.00 
4.258	18.00 
4.333	18.00 
4.175	18.00 
4.661	20.00 
4.552	20.00 
3.443	16.00 
3.505	18.00 
3.743	18.00 
3.855	18.00 
4.154	18.00 
4.23	18.00 
4.131	18.00 
3.968	18.00 
3.909	18.00 
3.872	18.00 
3.806	18.00 
3.779	18.00 
3.854	18.00 
3.75	18.00 
3.674	18.00 
3.394	16.00 
3.084	16.00 
3.568	18.00 
3.646	18.00 
2.911	16.00 
3.436	16.00 
3.259	16.00 
2.869	16.00 
2.895	16.00 
2.887	16.00 
2.926	16.00 
2.987	16.00 
3.2	16.00 
3.083	16.00 
2.733	16.00 
2.509	16.00 
2.064	14.00 
2.101	14.00 
2.084	14.00 
1.97	14.00 
2.152	14.00 
1.867	14.00 
1.931	14.00 
2.399	14.00 
2.354	14.00 
2.441	14.00 
2.213	14.00 
1.875	14.00 
1.611	14.00 
1.403	12.00 
1.133	12.00 
1.046	12.00 
1.257	12.00 
1.287	12.00 
1.576	14.00 
1.593	14.00 
1.569	14.00 
1.44	12.00 
1.676	14.00 
0.984	12.00 
1.132	12.00 
0.87	12.00 
0.97	12.00 
1.075	12.00 
1	12.00 
1.053	12.00 
0.921	12.00 
0.94	12.00 
0.972	12.00 
0.865	12.00 
0.557	12.00 
0.573	12.00 
0.502	12.00 
0.713	12.00 
0.95	12.00 
0.606	12.00 
0.516	12.00 
1.498	12.00 
2.103	14.00 
2.063	14.00 
2.083	14.00 
2.051	14.00 
2.229	14.00 
2.546	16.00 
2.275	14.00 
2.308	14.00 
2.558	16.00 
2.538	16.00 
2.646	16.00 
2.818	16.00 
2.323	14.00 
2.521	16.00 
2.381	14.00 
1.693	14.00 
2.525	16.00 
2.655	16.00 
2.458	14.00 
2.47	14.00 
2.707	16.00 
2.628	16.00 
2.692	16.00 
2.58	16.00 
2.523	16.00 
2.586	16.00 
2.85	16.00 
2.692	16.00 
2.809	16.00 
2.684	16.00 
2.809	16.00 
1.889	14.00 
1.67	14.00 
1.99	14.00 
2.299	14.00 
2.331	14.00 
2.295	14.00 
2.806	16.00 
2.727	16.00 
2.729	16.00 
2.995	16.00 
3.258	16.00 
3.139	16.00 
2.466	14.00 
2.786	16.00 
3.058	16.00 
2.92	16.00 
3.05	16.00 
2.911	16.00 
3.677	18.00 
3.421	16.00 
3.237	16.00 
3.321	16.00 
3.55	18.00 
3.524	18.00 
3.19	16.00 
3.193	16.00 
3.128	16.00 
3.457	16.00 
3.53	18.00 
3.624	18.00 
3.582	18.00 
3.704	18.00 
3.69	18.00 
3.486	16.00 
3.211	16.00 
2.999	16.00 
2.921	16.00 
2.509	16.00 
2.601	16.00 
2.838	16.00 
2.481	14.00 
2.464	14.00 
2.789	16.00 
2.701	16.00 
2.762	16.00 
2.8	16.00 
2.983	16.00 
2.896	16.00 
3.145	16.00 
3.223	16.00 
3.479	16.00 
3.169	16.00 
3.539	18.00 
3.519	18.00 
3.679	18.00 
3.824	18.00 
3.667	18.00 
3.544	18.00 
3.594	18.00 
3.885	18.00 
4.251	18.00 
4.184	18.00 
4.127	18.00 
4.513	20.00 
4.259	18.00 
4.166	18.00 
4.359	18.00 
4.376	18.00 
4.191	18.00 
4.023	18.00 
4.037	18.00 
4.561	20.00 
4.559	20.00 
4.862	20.00 
4.955	20.00 
4.933	20.00 
4.647	20.00 
4.625	20.00 
4.161	18.00 
4.105	18.00 
3.892	18.00 
3.981	18.00 
3.223	16.00 
3.148	16.00 
3.032	16.00 
2.877	16.00 
2.67	16.00 
2.549	16.00 
2.488	14.00 
1.856	14.00 
1.837	14.00 
2.491	14.00 
2.391	14.00 
2.708	16.00 
2.675	16.00 
2.679	16.00 
2.501	16.00 
2.454	14.00 
2.028	14.00 
1.811	14.00 
2.015	14.00 
2.075	14.00 
2.097	14.00 
2.191	14.00 
2.329	14.00 
2.618	16.00 
2.728	16.00 
2.997	16.00 
2.701	16.00 
2.741	16.00 
2.443	14.00 
2.424	14.00 
2.434	14.00 
2.539	16.00 
2.979	16.00 
3.296	16.00 
3.196	16.00 
3.066	16.00 
3.029	16.00 
3.14	16.00 
3.381	16.00 
3.167	16.00 
3.199	16.00 
3.657	18.00 
3.569	18.00 
3.392	16.00 
3.738	18.00 
4.083	18.00 
4.061	18.00 
4.207	18.00 
4.958	20.00 
5.104	20.00 
5.069	20.00 
5.209	20.00 
6.017	22.00 
6.469	22.00 
6.455	22.00 
6.571	24.00 
6.442	22.00 
6.204	22.00 
5.931	22.00 
5.77	22.00 
5.72	22.00 
5.575	22.00 
5.771	22.00 
5.612	22.00 
5.743	22.00 
5.367	20.00 
5.289	20.00 
5.234	20.00 
4.867	20.00 
4.652	20.00 
4.612	20.00 
4.957	20.00 
4.387	18.00 
4.546	20.00 
4.341	18.00 
4.44	18.00 
4.432	18.00 
4.568	20.00 
4.513	20.00 
4.67	20.00 
4.65	20.00 
4.433	18.00 
4.089	18.00 
4.123	18.00 
4.154	18.00 
3.983	18.00 
3.358	16.00 
3.387	16.00 
3.897	18.00 
3.927	18.00 
3.799	18.00 
3.551	18.00 
4.159	18.00 
4.052	18.00 
3.913	18.00 
4.204	18.00 
4.612	20.00 
4.537	20.00 
4.837	20.00 
5.001	20.00 
5.373	20.00 
6.24	22.00 
6.373	22.00 
6.348	22.00 
6.596	24.00 
6.546	24.00 
6.321	22.00 
6.428	22.00 
6.457	22.00 
6.545	24.00 
6.549	24.00 
6.488	22.00 
6.206	22.00 
6.339	22.00 
6.385	22.00 
6.704	24.00 
6.566	24.00 
6.362	22.00 
6.183	22.00 
5.801	22.00 
6.097	22.00 
5.855	22.00 
5.808	22.00 
5.568	22.00 
5.556	22.00 
6.105	22.00 
6.388	22.00 
6.249	22.00 
5.941	22.00 
5.89	22.00 
5.869	22.00 
5.656	22.00 
5.878	22.00 
5.564	22.00 
5.545	22.00 
5.993	22.00 
5.853	22.00 
5.876	22.00 
6.157	22.00 
6.586	24.00 
6.414	22.00 
6.925	24.00 
6.957	24.00 
6.819	24.00 
7.062	24.00 
6.786	24.00 
7.314	24.00 
7.469	24.00 
7.47	24.00 
7.593	26.00 
8.116	26.00 
8.164	26.00 
8.09	26.00 
8.091	26.00 
8.216	26.00 
8.324	26.00 
8.215	26.00 
8.333	26.00 
8.404	26.00 
8.044	26.00 
7.852	26.00 
7.781	26.00 
7.534	26.00 
7.481	24.00 
7.553	26.00 
7.583	26.00 
7.429	24.00 
7.154	24.00 
7.847	26.00 
7.765	26.00 
7.515	26.00 
7.45	24.00 
7.625	26.00 
7.632	26.00 
7.623	26.00 
7.913	26.00 
8.106	26.00 
7.759	26.00 
7.596	26.00 
7.676	26.00 
7.347	24.00 
7.253	24.00 
6.529	24.00 
6.542	24.00 
6.183	22.00 
6.394	22.00 
6.36	22.00 
6.332	22.00 
6.734	24.00 
6.404	22.00 
6.505	24.00 
6.618	24.00 
6.507	24.00 
6.566	24.00 
6.419	22.00 
6.229	22.00 
6.27	22.00 
6.449	22.00 
6.442	22.00 
6.591	24.00 
6.812	24.00 
6.535	24.00 
6.483	22.00 
6.637	24.00 
6.556	24.00 
6.538	24.00 
6.703	24.00 
7.148	24.00 
7.397	24.00 
7.5	26.00 
7.666	26.00 
7.721	26.00 
7.549	26.00 
7.492	24.00 
7.579	26.00 
7.588	26.00 
7.269	24.00 
6.707	24.00 
6.563	24.00 
6.566	24.00 
6.633	24.00 
6.177	22.00 
6.478	22.00 
6.528	24.00 
6.503	24.00 
6.575	24.00 
5.681	22.00 
5.984	22.00 
6.022	22.00 
6.137	22.00 
6.169	22.00 
5.943	22.00 
5.865	22.00 
5.649	22.00 
5.5	22.00 
5.487	20.00 
5.354	20.00 
5.31	20.00 
5.369	20.00 
5.611	22.00 
5.623	22.00 
5.624	22.00 
5.459	20.00 
5.748	22.00 
5.765	22.00 
6.347	22.00 
5.791	22.00 
5.804	22.00 
6.028	22.00 
6.022	22.00 
6.134	22.00 
6.509	24.00 
6.828	24.00 
7.286	24.00 
7.438	24.00 
7.483	24.00 
7.333	24.00 
7.089	24.00 
7.1	24.00 
7.297	24.00 
6.678	24.00 
6.815	24.00 
6.565	24.00 
6.111	22.00 
6.101	22.00 
6.127	22.00 
6.483	22.00 
6.75	24.00 
6.65	24.00 
6.612	24.00 
6.72	24.00 
6.76	24.00 
6.947	24.00 
6.73	24.00 
6.801	24.00 
6.4	22.00 
6.338	22.00 
5.631	22.00 
5.497	20.00 
5.444	20.00 
5.419	20.00 
5.175	20.00 
5.12	20.00 
5.274	20.00 
5.244	20.00 
5.384	20.00 
5.315	20.00 
5.704	22.00 
5.602	22.00 
5.544	22.00 
5.458	20.00 
5.569	22.00 
5.255	20.00 
5.786	22.00 
5.589	22.00 
5.113	20.00 
4.699	20.00 
4.641	20.00 
4.495	18.00 
4.359	18.00 
4.359	18.00 
4.567	20.00 
4.875	20.00 
4.758	20.00 
4.762	20.00 
4.738	20.00 
4.315	18.00 
3.604	18.00 
3.289	16.00 
2.1	14.00 
2.468	14.00 
2.196	14.00 
2.109	14.00 
1.33	12.00 
1.104	12.00 
1.009	12.00 
1.345	12.00 
1.332	12.00 
1.318	12.00 
1.325	12.00 
0.821	12.00 
0.789	12.00 
0.515	12.00 
0.524	12.00 
0.729	12.00 
0.666	12.00 
1.015	12.00 
0.654	12.00 
0.773	12.00 
0.928	12.00 
0.774	12.00 
0.804	12.00 
1.148	12.00 
1.355	12.00 
1.59	14.00 
1.495	12.00 
0.829	12.00 
0.894	12.00 
0.823	12.00 
0.816	12.00 
0.652	12.00 
0.704	12.00 
0.666	12.00 
0.609	12.00 
0.586	12.00 
0.513	12.00 
0.539	12.00 
0.506	12.00 
0.697	12.00 
0.942	12.00 
1.071	12.00 
0.575	12.00 
0.591	12.00 
0.55	12.00 
0.587	12.00 
0.552	12.00 
0.524	12.00 
0.794	12.00 
0.618	12.00 
0.674	12.00 
0.703	12.00 
0.825	12.00 
0.929	12.00 
0.884	12.00 
1.477	12.00 
1.433	12.00 
1.492	12.00 
1.662	14.00 
1.514	14.00 
1.141	12.00 
0.616	12.00 
0.594	12.00 
0.804	12.00 
0.538	12.00 
0.769	12.00 
1.081	12.00 
1.178	12.00 
1.067	12.00 
1.203	12.00 
1.36	12.00 
1.426	12.00 
1.565	14.00 
1.375	12.00 
1.204	12.00 
1.167	12.00 
0.524	12.00 
0.796	12.00 
0.572	12.00 
0.579	12.00 
0.797	12.00 
0.804	12.00 
0.862	12.00 
1.115	12.00 
1.417	12.00 
1.425	12.00 
1.198	12.00 
1.262	12.00 
1.351	12.00 
1.279	12.00 
0.582	12.00 
1.417	12.00 
1.126	12.00 
1.567	14.00 
1.242	12.00 
1.14	12.00 
1.101	12.00 
1.106	12.00 
2.462	14.00 
1.538	14.00 
1.971	14.00 
1.834	14.00 
2.163	14.00 
2.089	14.00 
2.216	14.00 
2.209	14.00 
2.079	14.00 
0.58	12.00 
1.141	12.00 
0.718	12.00 
1.475	12.00 
1.499	12.00 
1.047	12.00 
1.101	12.00 
0.753	12.00 
1.191	12.00 
0.815	12.00 
1.047	12.00 
0.894	12.00 
1.124	12.00 
0.758	12.00 
0.647	12.00 
1.331	12.00 
1	12.00 
2.259	14.00 
2.149	14.00 
2.168	14.00 
2.722	16.00 
3.454	16.00 
3.674	18.00 
3.708	18.00 
3.361	16.00 
3.196	16.00 
3.708	18.00 
3.819	18.00 
3.624	18.00 
3.481	16.00 
4.262	18.00 
4.41	18.00 
4.417	18.00 
4.238	18.00 
5.095	20.00 
4.933	20.00 
5.166	20.00 
4.978	20.00 
5.236	20.00 
4.882	20.00 
5.138	20.00 
5.056	20.00 
4.609	20.00 
4.637	20.00 
4.691	20.00 
3.921	18.00 
3.949	18.00 
4.152	18.00 
4.458	18.00 
4.462	18.00 
5.037	20.00 
4.48	18.00 
5.108	20.00 
5.609	22.00 
5.738	22.00 
6.093	22.00 
6.059	22.00 
6.484	22.00 
6.51	24.00 
6.197	22.00 
6.632	24.00 
6.439	22.00 
6.738	24.00 
6.913	24.00 
6.993	24.00 
7.046	24.00 
6.808	24.00 
6.976	24.00 
6.983	24.00 
7.777	26.00 
7.5	26.00 
7.475	24.00 
7.297	24.00 
8.057	26.00 
8.208	26.00 
8.317	26.00 
8.373	26.00 
8.37	26.00 
7.921	26.00 
7.752	26.00 
7.668	26.00 
8.072	26.00 
7.715	26.00 
8.626	28.00 
8.775	28.00 
9.462	28.00 
9.3	28.00 
9.588	30.00 
9.541	30.00 
9.983	30.00 
9.75	30.00 
9.993	30.00 
9.841	30.00 
10.514	32.00 
10.247	30.00 
10.293	30.00 
9.971	30.00 
9.829	30.00 
9.457	28.00 
9.779	30.00 
10.03	30.00 
9.918	30.00 
10.734	32.00 
10.831	32.00 
10.414	30.00 
9.947	30.00 
9.867	30.00 
8.927	28.00 
8.806	28.00 
8.721	28.00 
7.991	26.00 
8.545	28.00 
8.954	28.00 
9.113	28.00 
8.916	28.00 
9.502	30.00 
9.162	28.00 
8.853	28.00 
9.022	28.00 
8.817	28.00 
8.63	28.00 
8.646	28.00 
8.711	28.00 
8.44	26.00 
8.291	26.00 
8.163	26.00 
6.948	24.00 
6.448	22.00 
6.063	22.00 
6.172	22.00 
5.939	22.00 
5.061	20.00 
4.345	18.00 
4.571	20.00 
3.637	18.00 
3.641	18.00 
3.666	18.00 
3.343	16.00 
3.926	18.00 
3.243	16.00 
3.574	18.00 
3.684	18.00 
3.661	18.00 
2.302	14.00 
2.333	14.00 
2.856	16.00 
3.481	16.00 
3.508	18.00 
3.723	18.00 
3.712	18.00 
3.413	16.00 
3.426	16.00 
3.676	18.00 
3.929	18.00 
3.708	18.00 
3.205	16.00 
3.703	18.00 
2.89	16.00 
3.316	16.00 
3.787	18.00 
3.734	18.00 
3.457	16.00 
2.963	16.00 
2.338	14.00 
2.454	14.00 
2.054	14.00 
1.587	14.00 
2.059	14.00 
1.631	14.00 
1.822	14.00 
1.734	14.00 
2.009	14.00 
1.807	14.00 
1.708	14.00 
2.545	16.00 
1.594	14.00 
1.69	14.00 
1.733	14.00 
2.493	14.00 
2.587	16.00 
1.613	14.00 
1.436	12.00 
1.954	14.00 
2.119	14.00 
2.182	14.00 
2.016	14.00 
2.123	14.00 
1.956	14.00 
1.583	14.00 
2.289	14.00 
2.163	14.00 
2.13	14.00 
2.019	14.00 
2.168	14.00 
1.993	14.00 
2.031	14.00 
1.947	14.00 
1.944	14.00 
1.807	14.00 
2.102	14.00 
2.052	14.00 
2.068	14.00 
1.903	14.00 
2.006	14.00 
2.475	14.00 
2.278	14.00 
2.888	16.00 
2.911	16.00 
3.064	16.00 
3.472	16.00 
3.47	16.00 
3.723	18.00 
3.603	18.00 
3.854	18.00 
3.86	18.00 
4.778	20.00 
5.253	20.00 
5.447	20.00 
5.389	20.00 
5.161	20.00 
5.2	20.00 
5.203	20.00 
5.194	20.00 
5.788	22.00 
6.122	22.00 
6.534	24.00 
7.138	24.00 
7.289	24.00 
7.27	24.00 
7.27	24.00 
6.76	24.00 
7.177	24.00 
7.23	24.00 
7.291	24.00 
7.248	24.00 
7.484	24.00 
7.225	24.00 
7.332	24.00 
7.997	26.00 
7.913	26.00 
7.809	26.00 
8.08	26.00 
8.392	26.00 
8.701	28.00 
8.572	28.00 
8.35	26.00 
8.681	28.00 
9.453	28.00 
9.509	30.00 
9.554	30.00 
9.116	28.00 
9.013	28.00 
8.721	28.00 
8.486	26.00 
8.072	26.00 
8.264	26.00 
8.109	26.00 
7.344	24.00 
8.338	26.00 
8.285	26.00 
8.132	26.00 
8.537	28.00 
8.841	28.00 
8.303	26.00 
8.368	26.00 
8.248	26.00 
8.213	26.00 
8.279	26.00 
8.185	26.00 
7.828	26.00 
8.178	26.00 
8.112	26.00 
8.175	26.00 
8.111	26.00 
8.201	26.00 
7.859	26.00 
7.992	26.00 
8.561	28.00 
8.745	28.00 
8.36	26.00 
7.91	26.00 
7.963	26.00 
7.8	26.00 
8.01	26.00 
7.865	26.00 
7.924	26.00 
7.421	24.00 
7.448	24.00 
7.255	24.00 
7.244	24.00 
7.461	24.00 
7.51	26.00 
7.558	26.00 
7.747	26.00 
7.856	26.00 
8.135	26.00 
7.709	26.00 
7.425	24.00 
6.829	24.00 
6.491	22.00 
5.576	22.00 
5.538	22.00 
6.53	24.00 
7.1	24.00 
7.255	24.00 
7.293	24.00 
7.751	26.00 
7.369	24.00 
7.946	26.00 
8.137	26.00 
8.094	26.00 
8.031	26.00 
7.809	26.00 
7.656	26.00 
7.935	26.00 
8.041	26.00 
8.089	26.00 
8.181	26.00 
7.597	26.00 
7.189	24.00 
7.255	24.00 
7.259	24.00 
7.512	26.00 
7.544	26.00 
7.178	24.00 
7.848	26.00 
7.039	24.00 
7.338	24.00 
7.469	24.00 
7.451	24.00 
7.514	26.00 
7.429	24.00 
7.681	26.00 
7.394	24.00 
7.416	24.00 
7.8	26.00 
7.351	24.00 
7.123	24.00 
6.904	24.00 
7.104	24.00 
7.206	24.00 
7.2	24.00 
7.295	24.00 
7.422	24.00 
7.455	24.00 
7.527	26.00 
7	24.00 
6.719	24.00 
7.091	24.00 
8.112	26.00 
8.124	26.00 
8.94	28.00 
8.278	26.00 
8.532	28.00 
8.34	26.00 
8.093	26.00 
8.072	26.00 
8.015	26.00 
6.752	24.00 
6.745	24.00 
6.969	24.00 
6.281	22.00 
5.606	22.00 
5.251	20.00 
5.189	20.00 
5.368	20.00 
5.459	20.00 
5.272	20.00 
4.963	20.00 
4.214	18.00 
4.206	18.00 
4.299	18.00 
5.316	20.00 
5.189	20.00 
5.45	20.00 
5.314	20.00 
5.041	20.00 
4.976	20.00 
4.987	20.00 
4.791	20.00 
4.921	20.00 
5.292	20.00 
5.106	20.00 
4.863	20.00 
4.466	18.00 
4.291	18.00 
3.41	16.00 
3.505	18.00 
3.443	16.00 
3.414	16.00 
2.373	14.00 
2.723	16.00 
2.77	16.00 
3.096	16.00 
2.691	16.00 
2.22	14.00 
2.744	16.00 
2.698	16.00 
3.429	16.00 
3.119	16.00 
2.862	16.00 
2.509	16.00 
3.712	18.00 
3.676	18.00 
3.332	16.00 
3.464	16.00 
4.064	18.00 
3.822	18.00 
3.589	18.00 
4.422	18.00 
4.486	18.00 
4.846	20.00 
4.569	20.00 
4.536	20.00 
4.127	18.00 
4.164	18.00 
4.157	18.00 
4.016	18.00 
4.331	18.00 
4.453	18.00 
3.829	18.00 
4.913	20.00 
4.941	20.00 
4.625	20.00 
4.703	20.00 
4.632	20.00 
4.206	18.00 
3.991	18.00 
3.852	18.00 
3.638	18.00 
3.697	18.00 
3.38	16.00 
4.035	18.00 
3.743	18.00 
3.966	18.00 
4.463	18.00 
4.163	18.00 
4.234	18.00 
4.561	20.00 
4.131	18.00 
4.138	18.00 
3.604	18.00 
3.53	18.00 
3.256	16.00 
3.226	16.00 
3.185	16.00 
2.707	16.00 
2.809	16.00 
2.775	16.00 
2.708	16.00 
2.624	16.00 
2.442	14.00 
2.431	14.00 
2.411	14.00 
2.321	14.00 
3.014	16.00 
2.898	16.00 
2.495	14.00 
2.352	14.00 
2.041	14.00 
1.641	14.00 
1.578	14.00 
1.5	14.00 
2.141	14.00 
2.148	14.00 
2.148	14.00 
1.354	12.00 
1.363	12.00 
0.987	12.00 
1.123	12.00 
1.568	14.00 
1.843	14.00 
1.666	14.00 
1.8	14.00 
1.547	14.00 
1.681	14.00 
1.772	14.00 
1.75	14.00 
1.804	14.00 
1.669	14.00 
1.755	14.00 
1.832	14.00 
1.859	14.00 
2.002	14.00 
1.852	14.00 
1.774	14.00 
1.787	14.00 
1.877	14.00 
1.586	14.00 
1.44	12.00 
1.447	12.00 
1.076	12.00 
0.715	12.00 
0.587	12.00 
0.535	12.00 
0.676	12.00 
0.659	12.00 
0.547	12.00 
0.514	12.00 
0.638	12.00 
0.524	12.00 
0.678	12.00 
0.919	12.00 
0.89	12.00 
1.262	12.00 
0.878	12.00 
0.715	12.00 
0.515	12.00 
0.975	12.00 
1.184	12.00 
1.069	12.00 
0.659	12.00 
0.583	12.00 
0.583	12.00 
0.616	12.00 
0.647	12.00 
0.597	12.00 
1.015	12.00 
1.534	14.00 
1.278	12.00 
1.274	12.00 
1.154	12.00 
1.745	14.00 
2.073	14.00 
2.233	14.00 
2.265	14.00 
2.352	14.00 
2.155	14.00 
2.772	16.00 
2.6	16.00 
2.568	16.00 
2.53	16.00 
2.497	14.00 
2.943	16.00 
3.228	16.00 
3.2	16.00 
3.203	16.00 
3.156	16.00 
3.076	16.00 
3.097	16.00 
2.84	16.00 
2.757	16.00 
2.726	16.00 
3.093	16.00 
3.049	16.00 
3.082	16.00 
3.15	16.00 
3.252	16.00 
3.12	16.00 
3.118	16.00 
2.977	16.00 
3.058	16.00 
3.275	16.00 
3.705	18.00 
3.541	18.00 
3.634	18.00 
3.108	16.00 
2.933	16.00 
3.122	16.00 
2.948	16.00 
2.589	16.00 
1.94	14.00 
2.051	14.00 
2.064	14.00 
1.815	14.00 
2.072	14.00 
2.013	14.00 
1.875	14.00 
1.898	14.00 
1.986	14.00 
2.458	14.00 
2.385	14.00 
2.101	14.00 
2.213	14.00 
2.381	14.00 
2.487	14.00 
2.469	14.00 
2.328	14.00 
3.064	16.00 
2.777	16.00 
2.582	16.00 
2.554	16.00 
2.574	16.00 
2.387	14.00 
2.679	16.00 
2.797	16.00 
2.843	16.00 
3.002	16.00 
3.067	16.00 
3.005	16.00 
2.293	14.00 
2.2	14.00 
2.075	14.00 
2.235	14.00 
2.049	14.00 
2.304	14.00 
2.266	14.00 
2.255	14.00 
2.24	14.00 
2.587	16.00 
2.654	16.00 
2.789	16.00 
2.736	16.00 
2.749	16.00 
2.409	14.00 
2.091	14.00 
2.189	14.00 
2.097	14.00 
1.801	14.00 
1.876	14.00 
2.291	14.00 
2.751	16.00 
2.831	16.00 
2.87	16.00 
2.899	16.00 
2.865	16.00 
3.045	16.00 
3.373	16.00 
3.369	16.00 
3.113	16.00 
3.63	18.00 
3.135	16.00 
3.244	16.00 
3.157	16.00 
3.034	16.00 
2.984	16.00 
2.889	16.00 
2.957	16.00 
2.707	16.00 
2.72	16.00 
3.281	16.00 
3.247	16.00 
3.252	16.00 
3.205	16.00 
3.236	16.00 
2.735	16.00 
2.873	16.00 
2.323	14.00 
1.987	14.00 
2.123	14.00 
2.044	14.00 
2.081	14.00 
1.848	14.00 
1.812	14.00 
1.872	14.00 
1.609	14.00 
1.404	12.00 
1.411	12.00 
1.383	12.00 
1.459	12.00 
1.183	12.00 
2.278	14.00 
1.863	14.00 
1.774	14.00 
2.156	14.00 
1.848	14.00 
1.766	14.00 
1.674	14.00 
1.725	14.00 
1.885	14.00 
1.824	14.00 
1.604	14.00 
1.422	12.00 
1.413	12.00 
1.691	14.00 
1.395	12.00 
1.377	12.00 
1.563	14.00 
1.709	14.00 
1.558	14.00 
2.302	14.00 
2.072	14.00 
1.459	12.00 
1.24	12.00 
1.317	12.00 
1.3	12.00 
1.075	12.00 
1.218	12.00 
1.322	12.00 
1.369	12.00 
1.008	12.00 
1.007	12.00 
1.05	12.00 
0.846	12.00 
0.522	12.00 
0.734	12.00 
1.396	12.00 
1.519	14.00 
1.476	12.00 
1.152	12.00 
0.942	12.00 
0.844	12.00 
1.303	12.00 
1.465	12.00 
1.506	14.00 
1.113	12.00 
0.831	12.00 
0.784	12.00 
1.003	12.00 
0.971	12.00 
1.061	12.00 
1.461	12.00 
1.703	14.00 
1.829	14.00 
2.001	14.00 
1.917	14.00 
2.122	14.00 
1.993	14.00 
2.104	14.00 
2.012	14.00 
1.596	14.00 
1.476	12.00 
1.315	12.00 
1.26	12.00 
0.928	12.00 
0.781	12.00 
0.757	12.00 
0.865	12.00 
1.212	12.00 
1.505	14.00 
1.681	14.00 
1.354	12.00 
1.591	14.00 
1.486	12.00 
1.308	12.00 
1.485	12.00 
1.664	14.00 
1.95	14.00 
1.932	14.00 
1.677	14.00 
1.748	14.00 
1.843	14.00 
1.891	14.00 
2.039	14.00 
1.752	14.00 
2.057	14.00 
1.88	14.00 
1.66	14.00 
1.667	14.00 
1.87	14.00 
1.707	14.00 
1.508	14.00 
1.315	12.00 
1.098	12.00 
1.191	12.00 
1.448	12.00 
1.503	14.00 
1.363	12.00 
1.111	12.00 
0.949	12.00 
1.075	12.00 
0.866	12.00 
1.209	12.00 
1.047	12.00 
1.294	12.00 
1.749	14.00 
1.714	14.00 
2.367	14.00 
2.45	14.00 
2.692	16.00 
3.223	16.00 
2.86	16.00 
3.211	16.00 
3.211	16.00 
3.027	16.00 
3.468	16.00 
3.24	16.00 
3.229	16.00 
3.282	16.00 
3.242	16.00 
3.623	18.00 
3.648	18.00 
3.417	16.00 
3.436	16.00 
3.775	18.00 
3.563	18.00 
3.884	18.00 
4.196	18.00 
4.212	18.00 
4.433	18.00 
4.623	20.00 
3.936	18.00 
3.845	18.00 
3.953	18.00 
3.866	18.00 
4.24	18.00 
4.196	18.00 
4.02	18.00 
4.297	18.00 
4.289	18.00 
3.153	16.00 
3.102	16.00 
2.758	16.00 
2.233	14.00 
1.847	14.00 
1.76	14.00 
1.807	14.00 
1.684	14.00 
1.76	14.00 
1.861	14.00 
2.123	14.00 
1.308	12.00 
0.874	12.00 
0.98	12.00 
0.649	12.00 
1.012	12.00 
1.549	14.00 
1.809	14.00 
1.682	14.00 
1.605	14.00 
1.084	12.00 
1.251	12.00 
1.144	12.00 
0.951	12.00 
0.877	12.00 
1.181	12.00 
1.229	12.00 
0.891	12.00 
0.968	12.00 
1.304	12.00 
1.424	12.00 
1.411	12.00 
1.478	12.00 
1.295	12.00 
1.218	12.00 
1.476	12.00 
1.444	12.00 
1.149	12.00 
1.536	14.00 
1.714	14.00 
1.616	14.00 
1.176	12.00 
1.289	12.00 
1.433	12.00 
1.487	12.00 
1.586	14.00 
1.19	12.00 
1.006	12.00 
0.604	12.00 
0.785	12.00 
1.135	12.00 
1.104	12.00 
1.369	12.00 
2.058	14.00 
1.936	14.00 
1.973	14.00 
2.387	14.00 
2.234	14.00 
2.576	16.00 
2.337	14.00 
2.164	14.00 
2.034	14.00 
1.765	14.00 
1.848	14.00 
1.877	14.00 
1.816	14.00 
1.006	12.00 
1.329	12.00 
1.135	12.00 
1.091	12.00 
1.213	12.00 
1.016	12.00 
0.755	12.00 
1.286	12.00 
1.302	12.00 
1.137	12.00 
1.414	12.00 
1.147	12.00 
1.171	12.00 
1.343	12.00 
1.738	14.00 
1.803	14.00 
1.861	14.00 
2.106	14.00 
2.115	14.00 
1.874	14.00 
2.123	14.00 
2.331	14.00 
1.77	14.00 
2.139	14.00 
2.054	14.00 
1.846	14.00 
2.301	14.00 
2.047	14.00 
2.073	14.00 
2.216	14.00 
2.028	14.00 
1.954	14.00 
2.404	14.00 
2.5	16.00 
2.81	16.00 
2.941	16.00 
3.068	16.00 
3.16	16.00 
3.144	16.00 
2.942	16.00 
2.593	16.00 
2.144	14.00 
1.653	14.00 
1.457	12.00 
1.637	14.00 
2.12	14.00 
2.594	16.00 
1.792	14.00 
1.764	14.00 
1.609	14.00 
1.569	14.00 
1.527	14.00 
1.969	14.00 
1.65	14.00 
2.89	16.00 
2.867	16.00 
2.85	16.00 
2.163	14.00 
2.33	14.00 
3.236	16.00 
3.053	16.00 
3.454	16.00 
3.457	16.00 
3.8	18.00 
3.875	18.00 
3.865	18.00 
3.679	18.00 
3.728	18.00 
3.295	16.00 
3.125	16.00 
2.677	16.00 
2.888	16.00 
2.779	16.00 
3.281	16.00 
2.668	16.00 
3.271	16.00 
3.138	16.00 
3.137	16.00 
3.568	18.00 
3.919	18.00 
3.777	18.00 
3.552	18.00 
3.569	18.00 
3.527	18.00 
3.417	16.00 
3.596	18.00 
3.164	16.00 
3.096	16.00 
3.481	16.00 
3.519	18.00 
3.728	18.00 
3.792	18.00 
4.142	18.00 
3.806	18.00 
3.983	18.00 
4.124	18.00 
4.206	18.00 
4.669	20.00 
4.512	20.00 
5.145	20.00 
5.263	20.00 
5.082	20.00 
4.569	20.00 
3.852	18.00 
3.81	18.00 
3.796	18.00 
3.421	16.00 
3.983	18.00 
3.656	18.00 
3.584	18.00 
3.597	18.00 
4.177	18.00 
4.315	18.00 
4.458	18.00 
4.839	20.00 
4.858	20.00 
4.64	20.00 
4.697	20.00 
4.898	20.00 
4.826	20.00 
5.432	20.00 
5.444	20.00 
5.391	20.00 
5.044	20.00 
4.924	20.00 
4.802	20.00 
4.73	20.00 
4.58	20.00 
4.688	20.00 
4.475	18.00 
4.278	18.00 
4.446	18.00 
4.682	20.00 
4.559	20.00 
4.407	18.00 
4.134	18.00 
4.253	18.00 
4.198	18.00 
3.931	18.00 
4.34	18.00 
4.542	20.00 
4.316	18.00 
4.304	18.00 
4.213	18.00 
4.627	20.00 
4.81	20.00 
4.699	20.00 
4.422	18.00 
4.495	18.00 
4.821	20.00 
4.971	20.00 
4.782	20.00 
4.796	20.00 
4.659	20.00 
4.34	18.00 
4.419	18.00 
3.731	18.00 
3.906	18.00 
3.692	18.00 
3.705	18.00 
3.491	16.00 
3.403	16.00 
2.829	16.00 
2.544	16.00 
2.794	16.00 
2.245	14.00 
1.764	14.00 
1.693	14.00 
1.559	14.00 
	
